0.10106302450256273 0.9936146173561966
0.1039828522939843 0.9929222993407125
0.10674354118808928 0.9928157888767919
0.10970243409377084 0.9926560231809108
0.11274334645589772 0.9917773118535655
0.11586855182456109 0.9915376633097441
0.11908038677185011 0.9914577804618037
0.12238125263879927 0.9908187176782798
0.12577361733076037 0.989860123502994
0.12926001716254165 0.9896204749591726
0.13284305875469377 0.989540592111232
0.13652542098235954 0.9888216464797677
0.14030985697814571 0.98754352091272
0.14419919619051352 0.9868245752812557
0.14819634649922656 0.9867446924333152
0.15230429638943893 0.9865050438894938
0.15652611718604764 0.9854665668662674
0.15886159490464713 0.984081930835299
0.16307928494755086 0.983070081428053
0.16759978458550712 0.98259078434041
0.17224559086178565 0.982910315732172
0.17702017723172647 0.9825109014924696
0.18068777267149305 0.9809132445336599
0.18531595952734084 0.9792676578660859
0.186757180608274 0.9777978134639811
0.19215281178863464 0.9769989849845763
0.1974792192253742 0.9768392192886953
0.2029532727772972 0.9770788678325167
0.2085790651420778 0.9768392192886953
0.21421432401365076 0.9751776560515333
0.217460092980083 0.973132655144257
0.2218138685021174 0.9709278885410996
0.22625481110403534 0.968850934494647
0.2326855140196623 0.9674130432317184
0.2391354735115859 0.9670935118399564
0.24576422358109534 0.9677325746234803
0.2525767202392593 0.9681319888631827
0.25957805687600616 0.9670935118399564
0.26495612909664157 0.9644840054739007
0.270260824286759 0.962396400381056
0.2743558081322673 0.959584524133551
0.27984869459895173 0.9565489759118128
0.28564674435907694 0.9534601724581141
0.29199231015962956 0.9508658818726183
0.29964699677288403 0.9500784652286336
0.3079531046937163 0.9503979966203956
0.31648945496483244 0.9516761221874432
0.32526242982209697 0.952954247754491
0.3342785884146764 0.9528743649065505
0.3428408931363409 0.9511488953910361
0.3459010509424468 0.9492796367492288
0.35282634701862 0.9472506124115405
0.3571943692757611 0.9443748298856831
0.3601363854650341 0.9418824850299401
0.36534334154369347 0.9390280045968669
0.37037232295839617 0.9357794354472873
0.3754705287196071 0.9322113349059457
0.38063891170620046 0.9288030000604851
0.385878437913507 0.9253946652150244
0.3911900866338643 0.9221993512974052
0.39902211595156084 0.9194513813282525
0.4050680869987313 0.9167673176374523
0.41601196350568476 0.9155690749183452
0.42842132195669724 0.915553098348757
0.43939502483503134 0.9172466147250953
0.45091392823593424 0.9199169842133914
0.46093086019301616 0.9227851588489687
0.47117031560646006 0.9251664285066231
0.48253168632079724 0.9273118535655961
0.4969252835843639 0.9281905648929414
0.5096536659857839 0.9268645096171294
0.5142027751369977 0.9250751338232626
0.524497645451243 0.923157945472691
0.532080984190255 0.9202821629468336
0.5353644585044642 0.9176620055343858
0.5431049127712787 0.9147968740549205
0.5505807969656371 0.910909242121817
0.5543572407970679 0.9077405558201779
0.5581595873263238 0.9054239532299038
0.5619880142204862 0.9030274677916894
0.5658427003652585 0.9005510995055344
0.5697238258733246 0.897994848371439
0.5736315720927643 0.8953587143894031
0.5775661216155275 0.8926426975594266
0.580336352645035 0.8895432430593359
0.5843168903811492 0.8866674605334786
0.5883247306989408 0.8836638654509164
0.5923600608673212 0.8805963640900019
0.5964230694396818 0.8775927690074397
0.6005139462627056 0.8743974550898204
0.6046328824852372 0.8712021411722011
0.6087800705672151 0.8680068272545818
0.6129557042886633 0.8648115133369625
0.6171599787587477 0.8616161994193432
0.6213930904248909 0.8585486980584286
0.6256552370819517 0.8554811966975141
0.6299466178814679 0.8524136953365995
0.6355694478843443 0.8496657253674469
0.6334009058052872 0.8475355160890341
0.6403664098804948 0.8450005670477228
0.6447586948853054 0.8418052531301035
0.648737503894503 0.8392010722872437
0.6531872063874018 0.8360856412175649
0.6621783824886668 0.8324110302123027
0.666720276215506 0.828976067750862
0.6712933228751068 0.8264198166167664
0.6758977361460087 0.823863565482671
0.6805337311723774 0.8213073143485756
0.6852015245740551 0.8189907117583016
0.6899013344566841 0.8166741091680276
0.6998761275964713 0.8136864906550536
0.7041950665481955 0.8108426612683723
0.7138883700775082 0.807807113046634
0.7237151027343095 0.8048248200568561
0.7387094059374066 0.8019490375309987
0.7540143688568719 0.7990732550051414
0.7749153783414767 0.7979016399020142
0.7963957563573971 0.7978217570540738
0.820338604430477 0.7988602340773
0.83992809811013 0.8008687171112321
0.8585868754970378 0.8037064601856894
0.8763755217319482 0.8068485188713482
0.8939214642648438 0.8099799265106151
0.9068460394815009 0.8129196153148249
0.9193288504704182 0.8154758664489203
0.9338966499230282 0.8180960238613681
0.9469675600194103 0.8205883687171113
0.9584726883610886 0.8233363386862639
0.9729954375814297 0.8264038400471785
0.9866135781860308 0.8288961849029215
0.9986003835634395 0.8316441548720741
1.0116544375616714 0.8346477499546362
1.0255799448477838 0.8372040010887316
1.0396971378973108 0.8397602522228271
1.054008655280692 0.8422366205089821
1.0692478174316826 0.844872754491018
1.0906552624057324 0.847855047480796
1.1132520213137316 0.8508905957025343
1.136316951541072 0.8536598677644711
1.159859752902896 0.8561096084346458
1.1856257261786356 0.8587038990201415
1.2142148222175768 0.8609132303574669
1.247872424199343 0.8627026061513337
1.2850956234615254 0.8642842865405553
1.3207180159834535 0.8649233493240791
1.357327848526046 0.8650032321720196
1.3949524925746348 0.8646837007802577
1.4336200783423676 0.8638049894529124
1.4733595158018697 0.8624469810379242
1.5142005162999028 0.8608493240791145
1.5360932655495405 0.8588682294501906
1.5775944737189942 0.8576540101614952
1.600403791150176 0.8556729155325713
1.632445526973029 0.8535533573005505
1.6662673763464826 0.8514231480221376
1.700789964259839 0.8492396835117644
1.7360278089760066 0.8467366876096293
1.7719957295547646 0.8441804364755339
1.8087088520848218 0.841570930109478
1.8461826160450063 0.8388016580475413
1.8844327807972385 0.8361921516814855
1.9234754322140388 0.8332631139236678
1.9633269894433407 0.8304405866297708
2.0040042118134602 0.8275115488719531
2.0441264446511265 0.824678370531664
2.0750989867911627 0.8221221193975685
2.116644610407341 0.8195765193098652
2.1604983464171887 0.8166474815520475
2.2052606667744334 0.8134521676344282
2.2509503959987525 0.8106296403405311
2.297586748625938 0.8077006025827134
2.3451893372884602 0.8048780752888163
2.3937781809634324 0.8019490375309987
2.443373713391477 0.7991265102371016
2.493996791670001 0.796197472479284
2.545668705024532 0.7934282004173472
2.598411183761758 0.7906589283554104
2.652246408408088 0.7879961667573944
2.7071970190375256 0.7853334051593783
2.7632861247928213 0.7827771540252828
2.820537313603879 0.7802209028911874
2.8789746621075114 0.7778244174529729
2.9386227457727228 0.775374676782798
2.9995066492357845 0.772871680880663
3.061651976849405 0.7706882163702897
3.1296657542200568 0.7680939257847941
3.1952877514758597 0.7666674463572855
3.2359514992806573 0.7644147500453639
3.3055769603656544 0.7623423607330794
3.3852846245107275 0.7607081859009255
3.42251256913734 0.7587270912720016
3.5029868796291606 0.7575128719833062
3.541509194898717 0.7555317773543822
3.6247814999093424 0.7543175580656869
3.6646431895247904 0.7523364634367629
3.7508107719421386 0.7511222441480675
3.8547819093067677 0.749205055797496
3.889189242815577 0.7474955628515696
3.9969961820583264 0.7464570858283434
4.052015166198768 0.7446996631736528
4.161489980449737 0.7431978656323717
4.276844999059442 0.7412806772818001
4.398403163815944 0.7395871609054618
4.520325331404616 0.7379895039466522
4.645627138011332 0.7362320812919616
4.774402266024763 0.7347143071810924
4.906746994676011 0.7331166502222828
5.04276027202212 0.7317586418072946
5.182543788925002 0.7304006333923063
5.326202055081021 0.7290426249773181
5.473842477158048 0.7277644994102704
5.625575439098496 0.7267260223870442
5.7815143846483235 0.7255277796679369
5.941775902173667 0.7244893026447106
6.106479811828603 0.7234508256214844
6.27574925513918 0.7224922314461986
6.449710787070632 0.7215336372709128
6.628494470646704 0.7206549259435675
6.812233974191812 0.7198560974641626
7.001066671268649 0.7190572689847579
7.195133743386091 0.7182584405053529
7.394580285554125 0.7175394948738887
7.599555414764665 0.7169004320903648
7.810212381479478 0.7162613693068409
8.026708684208518 0.715622306523317
8.24920618726426 0.7149832437397932
8.47787124178021 0.7145039466521503
8.71287481008402 0.7140246495645074
8.95439259351808 0.713465469628924
9.202605163803355 0.7129861725412812
9.45769809804456 0.7125867583015788
9.71986211747757 0.7121873440618763
9.989293230062916 0.7117080469742334
10.266192877031951 0.711308632734531
10.550768083495107 0.710989101342769
10.843231613225074 0.7105896871030666
11.143802127730492 0.7103500385592452
11.452704349739037 0.7099506243195428
11.770169231212275 0.7097109757757214
12.096434126017844 0.7094713272319
12.431742967387938 0.7090719129921974
12.776346450296977 0.7089920301442569
13.130502218894735 0.7085926159045546
13.494475059134924 0.7084328502086736
13.868537096743488 0.7083529673607332
14.25296800067452 0.7079535531210308
14.648055192205772 0.7077937874251498
15.054094059830346 0.7077937874251498
15.4713881801051 0.7075541388813283
15.90024954462076 0.7072346074895663
16.34099879326378 0.7071547246416259
16.793965453943905 0.7071547246416259
17.259488188967048 0.7069150760978045
17.73791504823756 0.706675427553983
18.229603729479003 0.7065156618581021
18.734921845668303 0.7065156618581021
19.25424719988311 0.7065156618581021
19.787968067767633 0.7064357790101616
20.336483487828506 0.7061961304663401
20.900203559777566 0.7060363647704592
21.47954975114439 0.7058765990745781
22.07495521238822 0.7058765990745781
22.68686510074466 0.7058765990745781
23.315736913049115 0.7058765990745781
23.96204082778616 0.7058765990745781
24.626260056620414 0.7057168333786972
25.308891205671472 0.7055570676828162
26.01044464680354 0.7055570676828162
26.731444899206995 0.7053174191389948
27.472431021557114 0.7052375362910543
28.233957015043455 0.7052375362910543
29.016592237571125 0.7052375362910543
29.820921829443286 0.7052375362910543
30.6475471508437 0.7052375362910543
31.4970862314461 0.7052375362910543
32.37017423248636 0.7052375362910543
33.26746392164336 0.7052375362910543
34.18962616108341 0.7052375362910543
35.1373504090328 0.7052375362910543
36.111345235254035 0.7050777705951734
37.112338850810936 0.7049180048992925
38.141079652518286 0.7049180048992925
39.19833678248375 0.7049180048992925
40.28490070316012 0.7049180048992925
41.40158378833745 0.7049180048992925
42.54922093051761 0.7046783563554709
43.72867016512513 0.7045984735075305
44.940813312020445 0.7045984735075305
46.18655663479613 0.7045984735075305
47.46683151834861 0.7045984735075305
48.78259516523143 0.7045984735075305
50.134831311311636 0.7045984735075305
51.52455096126397 0.7045984735075305
52.95279314445216 0.7045984735075305
54.42062569176343 0.7045984735075305
55.929146033976714 0.7045984735075305
57.47948202226066 0.7045984735075305
59.072792771416246 0.7045984735075305
60.71026952649365 0.7045984735075305
62.39313655343096 0.7045984735075305
64.1226520543816 0.7045984735075305
65.90010910841431 0.7045984735075305
67.72683663828833 0.7045984735075305
69.60420040402829 0.7045984735075305
71.53360402403955 0.7045984735075305
73.51649002452926 0.7045984735075305
75.554340918017 0.7045984735075305
77.64868031174058 0.7045984735075305
79.80107404678725 0.7045984735075305
82.01313136880121 0.7045984735075305
84.28650613114195 0.7045984735075305
86.6228980313944 0.7045984735075305
89.0240538821549 0.7045984735075305
91.49176891704187 0.7045984735075305
94.02788813290965 0.7045984735075305
96.63430766926783 0.7045984735075305
99.31297622593696 0.7045984735075305
101.0247206135489 0.7045984735075305

