logm logg_abspl logg_1 logg_2 logg_3 logg_4 logg_5 logg_r20
-30.0 -12.1 -12.1 -12.0 -11.8 -12.0 -12.0 -12.1
-29.9 -12.1 -12.1 -12.0 -11.8 -12.0 -12.0 -12.1
-29.8 -12.1 -12.1 -12.0 -11.8 -12.0 -12.0 -12.1
-29.7 -12.1 -12.1 -12.0 -11.8 -12.0 -12.0 -12.1
-29.6 -12.1 -12.1 -12.0 -11.8 -12.0 -12.0 -12.1
-29.5 -12.1 -12.1 -12.0 -11.8 -12.0 -12.0 -12.1
-29.4 -12.1 -12.1 -12.0 -11.8 -12.0 -12.0 -12.1
-29.3 -12.1 -12.1 -12.0 -11.8 -12.0 -12.0 -12.1
-29.2 -12.1 -12.1 -12.0 -11.8 -12.0 -12.0 -12.1
-29.1 -12.1 -12.1 -12.0 -11.8 -12.0 -12.0 -12.1
-29.0 -12.1 -12.1 -12.0 -11.8 -12.0 -12.0 -12.1
-28.9 -12.1 -12.1 -12.0 -11.8 -12.0 -12.0 -12.1
-28.8 -12.1 -12.1 -12.0 -11.8 -12.0 -12.0 -12.1
-28.7 -12.1 -12.1 -12.0 -11.8 -12.0 -12.0 -12.1
-28.6 -12.1 -12.1 -12.0 -11.8 -12.0 -12.0 -12.1
-28.5 -12.1 -12.1 -12.0 -11.8 -12.0 -12.0 -12.1
-28.4 -12.1 -12.1 -12.0 -11.8 -12.0 -12.0 -12.1
-28.3 -12.1 -12.1 -12.0 -11.8 -12.0 -12.0 -12.1
-28.2 -12.1 -12.1 -12.0 -11.8 -12.0 -12.0 -12.1
-28.1 -12.1 -12.1 -12.0 -11.8 -12.0 -12.0 -12.1
-28.0 -12.1 -12.1 -12.0 -11.8 -12.0 -12.0 -12.1
-27.9 -12.1 -12.1 -12.0 -11.8 -12.0 -12.0 -12.1
-27.8 -12.1 -12.1 -12.0 -11.8 -12.0 -12.0 -12.1
-27.7 -12.1 -12.1 -12.0 -11.8 -12.0 -12.0 -12.1
-27.6 -12.1 -12.1 -12.0 -11.8 -12.0 -12.0 -12.1
-27.5 -12.1 -12.1 -12.0 -11.8 -12.0 -12.0 -12.1
-27.4 -12.1 -12.1 -12.0 -11.8 -12.0 -12.0 -12.1
-27.3 -12.1 -12.1 -12.0 -11.8 -12.0 -12.0 -12.1
-27.2 -12.1 -12.1 -12.0 -11.8 -12.0 -12.0 -12.1
-27.1 -12.1 -12.1 -12.0 -11.8 -12.0 -12.0 -12.1
-27.0 -12.1 -12.1 -12.0 -11.8 -12.0 -12.0 -12.1
-26.9 -12.1 -12.1 -12.0 -11.8 -12.0 -12.0 -12.1
-26.8 -12.1 -12.1 -12.0 -11.8 -12.0 -12.0 -12.1
-26.7 -12.1 -12.1 -12.0 -11.8 -12.0 -12.0 -12.1
-26.6 -12.1 -12.1 -12.0 -11.8 -12.0 -12.0 -12.1
-26.5 -12.1 -12.1 -12.0 -11.8 -12.0 -12.0 -12.1
-26.4 -12.1 -12.1 -12.0 -11.8 -12.0 -12.0 -12.1
-26.3 -12.1 -12.1 -12.0 -11.8 -12.0 -12.0 -12.1
-26.2 -12.1 -12.1 -12.0 -11.8 -12.0 -12.0 -12.1
-26.1 -12.1 -12.1 -12.0 -11.8 -12.0 -12.0 -12.1
-26.0 -12.1 -12.1 -12.0 -11.8 -12.0 -12.0 -12.1
-25.9 -12.1 -12.1 -12.0 -11.8 -12.0 -12.0 -12.1
-25.8 -12.1 -12.1 -12.0 -11.8 -12.0 -12.0 -12.1
-25.7 -12.1 -12.1 -12.0 -11.8 -12.0 -12.0 -12.1
-25.6 -12.1 -12.1 -12.0 -11.8 -12.0 -12.0 -12.1
-25.5 -12.1 -12.1 -12.0 -11.8 -12.0 -12.0 -12.1
-25.4 -12.1 -12.1 -12.0 -11.8 -12.0 -12.0 -12.1
-25.3 -12.1 -12.1 -12.0 -11.8 -12.0 -12.0 -12.1
-25.2 -12.1 -12.1 -12.0 -11.8 -12.0 -12.0 -12.1
-25.1 -12.1 -12.1 -12.0 -11.8 -12.0 -12.0 -12.1
-25.0 -12.1 -12.1 -12.0 -11.8 -12.0 -12.0 -12.1
-24.9 -12.1 -12.1 -12.0 -11.8 -12.0 -12.0 -12.1
-24.8 -12.1 -12.1 -12.0 -11.8 -12.0 -12.0 -12.1
-24.7 -12.1 -12.1 -12.0 -11.8 -12.0 -12.0 -12.1
-24.6 -12.1 -12.1 -12.0 -11.8 -12.0 -12.0 -12.1
-24.5 -12.1 -12.1 -12.0 -11.8 -12.0 -12.0 -12.1
-24.4 -12.1 -12.1 -12.0 -11.8 -12.0 -12.0 -12.1
-24.3 -12.1 -12.1 -12.0 -11.8 -12.0 -12.0 -12.1
-24.2 -12.1 -12.1 -12.0 -11.8 -12.0 -12.0 -12.1
-24.1 -12.1 -12.1 -12.0 -11.8 -12.0 -12.0 -12.1
-24.0 -12.1 -12.1 -12.0 -11.8 -12.0 -12.0 -12.1
-23.9 -12.1 -12.1 -12.0 -11.8 -12.0 -12.0 -12.1
-23.8 -12.1 -12.1 -12.0 -11.8 -12.0 -12.0 -12.1
-23.7 -12.1 -12.1 -12.0 -11.8 -12.0 -12.0 -12.1
-23.6 -12.1 -12.1 -12.0 -11.8 -12.0 -12.0 -12.1
-23.5 -12.1 -12.1 -12.0 -11.8 -12.0 -12.0 -12.1
-23.4 -12.1 -12.1 -12.0 -11.8 -12.0 -12.0 -12.1
-23.3 -12.1 -12.1 -12.0 -11.8 -12.0 -12.0 -12.1
-23.2 -12.1 -12.1 -12.0 -11.8 -12.0 -12.0 -12.1
-23.1 -12.1 -12.1 -12.0 -11.8 -12.0 -12.0 -12.1
-23.0 -12.1 -12.1 -12.0 -11.8 -12.0 -12.0 -12.1
-22.9 -12.1 -12.1 -12.0 -11.8 -12.0 -12.0 -12.1
-22.8 -12.1 -12.1 -12.0 -11.8 -12.0 -12.0 -12.1
-22.7 -12.1 -12.1 -12.0 -11.8 -12.0 -12.0 -12.1
-22.6 -12.1 -12.1 -12.0 -11.8 -12.0 -12.0 -12.1
-22.5 -12.1 -12.1 -12.0 -11.8 -12.0 -12.0 -12.1
-22.4 -12.1 -12.1 -12.0 -11.8 -12.0 -12.0 -12.1
-22.3 -12.1 -12.1 -12.0 -11.8 -12.0 -12.0 -12.1
-22.2 -12.1 -12.1 -12.0 -11.8 -12.0 -12.0 -12.1
-22.1 -12.1 -12.1 -12.0 -11.8 -12.0 -12.0 -12.1
-22.0 -12.1 -12.1 -12.0 -11.8 -12.0 -12.0 -12.1
-21.9 -12.1 -12.1 -12.0 -11.8 -12.0 -12.0 -12.1
-21.8 -12.1 -12.1 -12.0 -11.8 -12.0 -12.0 -12.1
-21.7 -12.1 -12.1 -12.0 -11.8 -12.0 -12.0 -12.1
-21.6 -12.1 -12.1 -12.0 -11.8 -12.0 -12.0 -12.1
-21.5 -12.1 -12.1 -12.0 -11.8 -12.0 -12.0 -12.1
-21.4 -12.1 -12.1 -12.0 -11.8 -12.0 -12.0 -12.1
-21.3 -12.1 -12.1 -12.0 -11.8 -12.0 -12.0 -12.1
-21.2 -12.1 -12.1 -12.0 -11.8 -12.0 -12.0 -12.1
-21.1 -12.1 -12.1 -12.0 -11.8 -12.0 -12.0 -12.1
-21.0 -12.1 -12.1 -12.0 -11.8 -12.0 -12.0 -12.1
-20.9 -12.1 -12.1 -12.0 -11.8 -12.0 -12.0 -12.1
-20.8 -12.1 -12.1 -12.0 -11.8 -12.0 -12.0 -12.1
-20.7 -12.1 -12.1 -12.0 -11.8 -12.0 -12.0 -12.1
-20.6 -12.1 -12.1 -12.0 -11.8 -12.0 -12.0 -12.1
-20.5 -12.1 -12.1 -12.0 -11.8 -12.0 -12.0 -12.1
-20.4 -12.1 -12.1 -12.0 -11.8 -12.0 -12.0 -12.1
-20.3 -12.1 -12.1 -12.0 -11.8 -12.0 -12.0 -12.1
-20.2 -12.1 -12.1 -12.0 -11.8 -12.0 -12.0 -12.1
-20.1 -12.1 -12.1 -12.0 -11.8 -12.0 -12.0 -12.1
-20.0 -12.1 -12.1 -12.0 -11.8 -12.0 -12.0 -12.1
-19.9 -12.1 -12.1 -12.0 -11.8 -12.0 -12.0 -12.1
-19.8 -12.1 -12.1 -12.0 -11.8 -12.0 -12.0 -12.1
-19.7 -12.1 -12.1 -12.0 -11.8 -12.0 -12.0 -12.1
-19.6 -12.1 -12.1 -12.0 -11.8 -12.0 -12.0 -12.1
-19.5 -12.1 -12.1 -12.0 -11.8 -12.0 -12.0 -12.1
-19.4 -12.1 -12.1 -12.0 -11.8 -12.0 -12.0 -12.1
-19.3 -12.1 -12.1 -12.0 -11.8 -12.0 -12.0 -12.1
-19.2 -12.1 -12.1 -12.0 -11.8 -12.0 -12.0 -12.1
-19.1 -12.1 -12.1 -12.0 -11.8 -12.0 -12.0 -12.1
-19.0 -12.1 -12.1 -12.0 -11.8 -12.0 -12.0 -12.1
-18.9 -12.1 -12.1 -12.0 -11.8 -12.0 -12.0 -12.1
-18.8 -12.1 -12.1 -12.0 -11.8 -12.0 -12.0 -12.1
-18.7 -12.1 -12.1 -12.0 -11.8 -12.0 -12.0 -12.1
-18.6 -12.1 -12.1 -12.0 -11.8 -12.0 -12.0 -12.1
-18.5 -12.1 -12.1 -12.0 -11.8 -12.0 -12.0 -12.1
-18.4 -12.1 -12.1 -12.0 -11.8 -12.0 -12.0 -12.1
-18.3 -12.1 -12.1 -12.0 -11.8 -12.0 -12.0 -12.1
-18.2 -12.1 -12.1 -12.0 -11.8 -12.0 -12.0 -12.1
-18.1 -12.1 -12.1 -12.0 -11.8 -12.0 -12.0 -12.1
-18.0 -12.1 -12.1 -12.0 -11.8 -12.0 -12.0 -12.1
-17.9 -12.1 -12.1 -12.0 -11.8 -12.0 -12.0 -12.1
-17.8 -12.1 -12.1 -12.0 -11.8 -12.0 -12.0 -12.1
-17.7 -12.1 -12.1 -12.0 -11.8 -12.0 -12.0 -12.1
-17.6 -12.1 -12.1 -12.0 -11.8 -12.0 -12.0 -12.1
-17.5 -12.1 -12.1 -12.0 -11.8 -12.0 -12.0 -12.1
-17.4 -12.1 -12.1 -12.0 -11.8 -12.0 -12.0 -12.1
-17.3 -12.1 -12.1 -12.0 -11.8 -12.0 -12.0 -12.1
-17.2 -12.1 -12.1 -12.0 -11.8 -12.0 -12.0 -12.1
-17.1 -12.1 -12.1 -12.0 -11.8 -12.0 -12.0 -12.1
-17.0 -12.1 -12.1 -12.0 -11.8 -12.0 -12.0 -12.1
-16.9 -12.1 -12.1 -12.0 -11.8 -12.0 -12.0 -12.1
-16.8 -12.1 -12.1 -12.0 -11.8 -12.0 -12.0 -12.1
-16.7 -12.1 -12.1 -12.0 -11.8 -12.0 -12.0 -12.1
-16.6 -12.1 -12.1 -12.0 -11.8 -12.0 -12.0 -12.1
-16.5 -12.1 -12.1 -12.0 -11.8 -12.0 -12.0 -12.1
-16.4 -12.1 -12.1 -12.0 -11.8 -12.0 -12.0 -12.1
-16.3 -12.1 -12.1 -12.0 -11.8 -12.0 -12.0 -12.1
-16.2 -12.1 -12.1 -12.0 -11.8 -12.0 -12.0 -12.1
-16.1 -12.1 -12.1 -12.0 -11.8 -12.0 -12.0 -12.1
-16.0 -12.1 -12.1 -12.0 -11.8 -12.0 -12.0 -12.1
-15.9 -12.1 -12.1 -12.0 -11.8 -12.0 -12.0 -12.1
-15.8 -12.1 -12.1 -12.0 -11.8 -12.0 -12.0 -12.1
-15.7 -12.1 -12.1 -12.0 -11.8 -12.0 -12.0 -12.1
-15.6 -12.1 -12.1 -12.0 -11.8 -12.0 -12.0 -12.1
-15.5 -12.1 -12.1 -12.0 -11.8 -12.0 -12.0 -12.1
-15.4 -12.1 -12.1 -12.0 -11.8 -12.0 -12.0 -12.1
-15.3 -12.1 -12.1 -12.0 -11.8 -12.0 -12.0 -12.1
-15.2 -12.1 -12.1 -12.0 -11.8 -12.0 -12.0 -12.1
-15.1 -12.1 -12.1 -12.0 -11.8 -12.0 -12.0 -12.1
-15.0 -12.1 -12.1 -12.0 -11.8 -12.0 -12.0 -12.1
-14.9 -12.1 -12.1 -12.0 -11.8 -12.0 -12.0 -12.1
-14.8 -12.1 -12.1 -12.0 -11.8 -12.0 -12.0 -12.1
-14.7 -12.1 -12.1 -12.0 -11.8 -12.0 -12.0 -12.1
-14.6 -12.1 -12.1 -12.0 -11.8 -12.0 -12.0 -12.1
-14.5 -12.1 -12.1 -12.0 -11.8 -12.0 -12.0 -12.1
-14.4 -12.1 -12.1 -12.0 -11.8 -12.0 -12.0 -12.1
-14.3 -12.1 -12.1 -12.0 -11.8 -12.0 -12.0 -12.1
-14.2 -12.1 -12.1 -12.0 -11.8 -12.0 -12.0 -12.1
-14.1 -12.1 -12.1 -12.0 -11.8 -12.0 -12.0 -12.1
-14.0 -12.1 -12.1 -12.0 -11.8 -12.0 -12.0 -12.1
-13.9 -12.1 -12.1 -12.0 -11.8 -12.0 -12.0 -12.1
-13.8 -12.1 -12.1 -12.0 -11.8 -12.0 -12.0 -12.1
-13.7 -12.1 -12.1 -12.0 -11.8 -12.0 -12.0 -12.1
-13.6 -12.1 -12.1 -12.0 -11.8 -12.0 -12.0 -12.1
-13.5 -12.1 -12.1 -12.0 -11.8 -12.0 -12.0 -12.1
-13.4 -12.1 -12.1 -12.0 -11.8 -12.0 -12.0 -12.1
-13.3 -12.1 -12.2 -12.0 -11.8 -12.0 -12.0 -12.1
-13.2 -12.1 -12.1 -12.0 -11.8 -12.0 -12.0 -12.1
-13.1 -12.1 -12.1 -12.0 -11.8 -12.0 -12.0 -12.1
-13.0 -12.1 -12.1 -12.0 -11.8 -12.0 -12.0 -12.1
-12.9 -12.1 -12.1 -11.8 -11.8 -12.0 -12.0 -12.1
-12.8 -12.1 -12.1 -11.8 -11.8 -12.0 -12.0 -12.1
-12.7 -12.2 -12.1 -11.8 -11.8 -12.0 -12.0 -12.1
-12.6 -12.1 -12.1 -11.8 -11.8 -12.1 -12.0 -12.0
-12.5 -12.1 -12.1 -11.9 -11.8 -12.0 -11.9 -12.1
-12.4 -12.2 -12.0 -11.9 -11.6 -12.0 -12.0 -12.1
-12.3 -12.1 -12.1 -11.9 -11.8 -11.9 -12.0 -12.1
-12.2 -12.1 -12.1 -11.9 -11.8 -12.0 -11.9 -12.0
-12.1 -12.1 -12.0 -11.8 -11.8 -12.0 -11.8 -12.1
-12.0 -11.9 -11.8 -11.8 -11.7 -11.9 -11.9 -11.9
-11.9 -12.0 -12.0 -11.8 -11.7 -11.9 -11.9 -12.0
-11.8 -11.9 -11.9 -11.8 -11.6 -11.9 -12.0 -11.8
-11.7 -11.9 -11.9 -11.9 -11.6 -12.0 -12.0 -11.8
-11.6 -11.8 -11.7 -12.0 -11.5 -12.0 -11.9 -11.7
-11.5 -11.7 -11.6 -11.9 -11.5 -12.0 -11.4 -11.8
-11.4 -11.6 -11.6 -12.0 -11.5 -12.0 -10.7 -11.7
-11.3 -11.4 -11.5 -11.8 -11.4 -11.9 -10.9 -11.5
-11.2 -11.4 -11.5 -11.6 -11.3 -11.8 -11.2 -11.5
-11.1 -11.5 -11.4 -11.5 -11.3 -11.5 -11.2 inf
