1.002599999999999714e+00 9.915529466666671565e-01 6.632862521584640715e-03
1.004910935916308423e+00 9.914835415579803524e-01 6.487320258257821791e-03
1.007227198408329638e+00 9.914187425921910934e-01 6.438622796227835149e-03
1.009548799753516857e+00 9.913977192022316309e-01 6.250013902592770065e-03
1.011875752257622718e+00 9.913762423771224075e-01 6.158561222819709628e-03
1.014208068254764283e+00 9.913526082416853624e-01 6.008932810864107445e-03
1.016545760107486096e+00 9.913243534380120625e-01 5.951827113853482010e-03
1.018888840206831459e+00 9.912810064561733414e-01 5.881690626470983778e-03
1.021237320972401053e+00 9.912419179482031550e-01 5.885358382821060698e-03
1.023591214852422882e+00 9.912122850396916096e-01 5.878526811236353504e-03
1.025950534323817775e+00 9.911873681851089968e-01 5.887025037053631588e-03
1.028315291892264671e+00 9.911695011279249012e-01 5.863042405426211433e-03
1.030685500092268114e+00 9.911457839377394441e-01 5.844600067818256361e-03
1.033061171487222873e+00 9.911161936306979170e-01 5.853140061669800942e-03
1.035442318669482775e+00 9.910844517704933132e-01 5.887996031258301011e-03
1.037828954260425540e+00 9.910512775357800397e-01 5.996401932180944576e-03
1.040221090910520507e+00 9.910244904888741990e-01 6.123397450846254468e-03
1.042618741299395468e+00 9.910001676577077090e-01 6.348189326080453179e-03
1.045021918135905725e+00 9.909672742418709213e-01 6.532726125772341311e-03
1.047430634158197815e+00 9.909326957851954942e-01 6.820340825572545479e-03
1.049844902133779456e+00 9.908799558262478824e-01 6.924388516514085913e-03
1.052264734859587048e+00 9.908272435532352596e-01 7.105141732602422884e-03
1.054690145162052506e+00 9.907800019503436584e-01 7.097759137815379260e-03
1.057121145897172987e+00 9.907410024197538245e-01 7.146134582192663169e-03
1.059557749950577277e+00 9.907263015752986179e-01 7.094856833399947223e-03
1.061999970237594848e+00 9.907240442526418223e-01 7.042344847599847808e-03
1.064447819703324694e+00 9.907398192825325189e-01 6.918974012159979231e-03
1.066901311322703272e+00 9.907590561006468510e-01 6.734425513819656574e-03
1.069360458100572231e+00 9.907809151831166172e-01 6.544401125434676572e-03
1.071825273071751905e+00 9.907915485181055804e-01 6.307608200930544043e-03
1.074295769301104375e+00 9.907982463078829349e-01 6.161544425556985186e-03
1.076771959883606300e+00 9.907892830124878092e-01 5.969252805469766818e-03
1.079253857944417305e+00 9.907781786356776310e-01 5.897416283611648866e-03
1.081741476638949928e+00 9.907608205852302952e-01 5.793016372604400249e-03
1.084234829152939339e+00 9.907378541534406224e-01 5.803616837840089998e-03
1.086733928702512619e+00 9.907014783711076689e-01 5.842165005759708540e-03
1.089238788534260038e+00 9.906405044960067130e-01 5.931036330525764518e-03
1.091749421925303665e+00 9.905542781869874913e-01 6.057296145429372745e-03
1.094265842183369086e+00 9.904343413706888644e-01 6.148635440534595299e-03
1.096788062646854023e+00 9.902998509706413266e-01 6.317496133732287099e-03
1.099316096684904487e+00 9.901813661923043464e-01 6.408176897782415921e-03
1.101849957697476956e+00 9.900771620459793976e-01 6.587941262885694052e-03
1.104389659115416755e+00 9.900543893899316217e-01 6.691486924204231336e-03
1.106935214400525114e+00 9.900717576808888420e-01 6.817080789844711872e-03
1.109486637045632884e+00 9.901585343999641520e-01 6.887457847511276043e-03
1.112043940574670708e+00 9.902779338865022041e-01 6.890025344833539470e-03
1.114607138542740961e+00 9.904189382547232690e-01 6.901341453196943587e-03
1.117176244536190577e+00 9.905459044160466187e-01 6.799328079478115378e-03
1.119751272172681222e+00 9.906648381514463475e-01 6.780974556221876226e-03
1.122332235101263009e+00 9.907309681571502269e-01 6.673725965492968704e-03
1.124919147002445330e+00 9.907759774420172860e-01 6.638738454067509218e-03
1.127512021588273239e+00 9.907824020090457706e-01 6.601760896809191932e-03
1.130110872602394734e+00 9.907713902644779136e-01 6.587611488287205969e-03
1.132715713820136472e+00 9.907496253689694887e-01 6.650337774022436511e-03
1.135326559048576600e+00 9.907417696609072122e-01 6.648965918582038295e-03
1.137943422126618032e+00 9.907422321918828434e-01 6.716438604116866697e-03
1.140566316925061718e+00 9.907752515230678902e-01 6.676190114318881000e-03
1.143195257346679705e+00 9.908164614312517937e-01 6.639549147797942953e-03
1.145830257326288848e+00 9.908675218753006941e-01 6.583807302008613978e-03
1.148471330830825643e+00 9.908937517239181370e-01 6.486252544652215332e-03
1.151118491859418835e+00 9.909080918326202969e-01 6.474728451149668745e-03
1.153771754443464026e+00 9.908485703086514773e-01 6.449465522653692606e-03
1.156431132646701609e+00 9.907597774850355199e-01 6.526021814874106465e-03
1.159096640565283831e+00 9.906165804762981919e-01 6.641039841510677603e-03
1.161768292327856500e+00 9.904415974508660181e-01 6.743692724178524354e-03
1.164446102095629154e+00 9.902501042990284885e-01 6.903763348502027844e-03
1.167130084062453665e+00 9.900859726772346381e-01 6.928079673716437854e-03
1.169820252454897735e+00 9.899273948414932800e-01 7.034391273065446204e-03
1.172516621532319725e+00 9.898082153282722340e-01 7.062650735814257792e-03
1.175219205586945481e+00 9.897257572292563754e-01 7.125433941774768874e-03
1.177928018943943833e+00 9.896882251153001908e-01 7.190013554894588051e-03
1.180643075961502086e+00 9.896963016338454766e-01 7.191896728434206756e-03
1.183364391030902185e+00 9.897176653739869767e-01 7.226620099561036938e-03
1.186091978576596428e+00 9.897458504452911754e-01 7.156977175197834669e-03
1.188825853056287407e+00 9.897591920005482935e-01 7.091305847008329798e-03
1.191566028960999057e+00 9.897566953958352176e-01 7.033202233375371662e-03
1.194312520815157486e+00 9.897228969215587924e-01 6.950181439444344349e-03
1.197065343176666685e+00 9.896796476489698735e-01 6.945119850239762742e-03
1.199824510636984920e+00 9.896227781418712732e-01 6.943429583848310070e-03
1.202590037821204438e+00 9.895702296596955438e-01 6.964830326135174401e-03
1.205361939388126524e+00 9.895208590128984349e-01 7.036433748769676394e-03
1.208140230030340323e+00 9.894944032426130631e-01 7.000733137637472035e-03
1.210924924474300557e+00 9.894787743403871128e-01 6.987410225783964764e-03
1.213716037480404353e+00 9.894826198738617684e-01 6.908011566743731298e-03
1.216513583843074731e+00 9.895038582115850412e-01 6.765266694241081104e-03
1.219317578390830770e+00 9.895333901731546700e-01 6.651920670351139583e-03
1.222128035986372208e+00 9.895744540813565804e-01 6.486148680952027144e-03
1.224944971526656268e+00 9.896182617539934778e-01 6.372676483496424182e-03
1.227768399942976485e+00 9.896646914657294403e-01 6.315613363809239114e-03
1.230598336201042420e+00 9.897215637993062032e-01 6.270253685602275411e-03
1.233434795301058928e+00 9.897887866173086246e-01 6.299561299642023396e-03
1.236277792277805432e+00 9.898751189588359534e-01 6.362574632036514452e-03
1.239127342200715409e+00 9.899892111915623572e-01 6.415978932789275641e-03
1.241983460173956777e+00 9.901159903681877594e-01 6.510818664082345351e-03
1.244846161336511381e+00 9.902580439614314667e-01 6.547191265808624192e-03
1.247715460862254711e+00 9.903872921741865287e-01 6.566235236650558652e-03
1.250591373960040720e+00 9.905062089598993813e-01 6.607504521482868327e-03
1.253473915873775102e+00 9.905711622376892622e-01 6.534562389237281999e-03
1.256363101882500999e+00 9.906071251399530819e-01 6.470850581264282579e-03
1.259258947300479603e+00 9.906104714502143027e-01 6.399844218988997961e-03
1.262161467477269428e+00 9.905785758153859977e-01 6.253325570700157821e-03
1.265070677797810239e+00 9.905404682793321758e-01 6.153251121047600102e-03
1.267986593682501884e+00 9.904972155270428402e-01 6.081650345126215877e-03
1.270909230587288219e+00 9.904604483098929935e-01 6.022260057928879341e-03
1.273838604003737718e+00 9.904283107184583823e-01 6.030932036358796315e-03
1.276774729459125179e+00 9.904043649841888231e-01 6.047553776096064801e-03
1.279717622516518327e+00 9.903888895829289218e-01 6.035194888801720392e-03
1.282667298774853082e+00 9.903794058926801425e-01 6.047519294089065932e-03
1.285623773869021713e+00 9.903809826793971149e-01 6.017931611963122339e-03
1.288587063469953664e+00 9.903937636744730710e-01 5.987580569523210869e-03
1.291557183284698596e+00 9.904123150749932769e-01 6.010465905226450647e-03
1.294534149056510985e+00 9.904353700210259959e-01 6.044966279473509146e-03
1.297517976564931841e+00 9.904480518951452872e-01 6.112416185288531770e-03
1.300508681625873297e+00 9.904499509936205426e-01 6.237993651372585914e-03
1.303506280091702774e+00 9.904234389005226458e-01 6.356875721216435210e-03
1.306510787851325350e+00 9.903712616665860669e-01 6.485889959690877872e-03
1.309522220830270589e+00 9.903016512769453605e-01 6.643234793537577260e-03
1.312540594990772913e+00 9.902097585525033718e-01 6.752368088843524463e-03
1.315565926331863311e+00 9.901128335257878277e-01 6.821697427298397017e-03
1.318598230889445944e+00 9.900148837219906461e-01 6.884892759993702614e-03
1.321637524736387181e+00 9.899225904988380176e-01 6.885723968578331966e-03
1.324683823982601538e+00 9.898386742527268689e-01 6.859122718101415619e-03
1.327737144775135381e+00 9.897601189072871009e-01 6.860395173059914524e-03
1.330797503298253304e+00 9.896881664780101673e-01 6.855389342641701397e-03
1.333864915773523618e+00 9.896222232603336666e-01 6.838325859328833918e-03
1.336939398459903838e+00 9.895612335912769009e-01 6.853742073627364095e-03
1.340020967653828832e+00 9.895075458079861663e-01 6.856023979264008576e-03
1.343109639689293200e+00 9.894725033859789187e-01 6.809567679480675595e-03
1.346205430937944980e+00 9.894460042502801755e-01 6.798914452292653503e-03
1.349308357809164027e+00 9.894370057623537162e-01 6.764862966873718200e-03
1.352418436750154163e+00 9.894511229116674800e-01 6.727405469454376952e-03
1.355535684246028660e+00 9.894802360660195362e-01 6.727938713358286651e-03
1.358660116819899066e+00 9.895261999407722886e-01 6.749002654643342612e-03
1.361791751032960240e+00 9.895813894796812171e-01 6.751585170978387750e-03
1.364930603484580951e+00 9.896338610685596615e-01 6.784022944673204908e-03
1.368076690812389806e+00 9.896810050321535046e-01 6.841530418927196065e-03
1.371230029692364960e+00 9.896997148428406943e-01 6.842591721854682230e-03
1.374390636838921154e+00 9.896941415845837975e-01 6.857636634706319040e-03
1.377558529004998755e+00 9.896659778602768798e-01 6.891406988675238994e-03
1.380733722982151690e+00 9.896087185288884314e-01 6.907192480187110059e-03
1.383916235600641587e+00 9.895370714279573265e-01 6.923660886517693340e-03
1.387106083729518602e+00 9.894622762466283028e-01 6.965472286011809185e-03
1.390303284276716900e+00 9.893902326609643749e-01 7.014329996709299866e-03
1.393507854189141471e+00 9.893397798309060409e-01 6.996606058582208361e-03
1.396719810452759836e+00 9.893052552889208817e-01 6.961241466956091806e-03
1.399939170092691088e+00 9.892858571535628753e-01 6.905418006153593233e-03
1.403165950173296039e+00 9.892822359892501360e-01 6.786632479226097081e-03
1.406400167798268042e+00 9.892812999999996970e-01 6.655718546348754136e-03
1.409641840110723132e+00 9.892772781853874653e-01 6.555565732918683386e-03
1.412890984293291741e+00 9.892658339775449727e-01 6.494341336741373330e-03
1.416147617568207506e+00 9.892389050918407589e-01 6.442312742139715519e-03
1.419411757197404977e+00 9.892048775398302185e-01 6.453124637680169272e-03
1.422683420482601546e+00 9.891662236061103952e-01 6.525415882776609312e-03
1.425962624765396480e+00 9.891277111735889971e-01 6.638262785513149127e-03
1.429249387427359519e+00 9.891028569092402689e-01 6.777369820802066173e-03
1.432543725890124353e+00 9.890947892471559921e-01 6.958289935319765529e-03
1.435845657615480553e+00 9.891067123938124261e-01 7.174047680958826022e-03
1.439155200105466159e+00 9.891523105347862499e-01 7.363429922799434417e-03
1.442472370902459833e+00 9.892257592725605120e-01 7.522950695642108623e-03
1.445797187589275667e+00 9.893198769578495089e-01 7.660252593842425094e-03
1.449129667789253784e+00 9.894319265232667249e-01 7.762322773502160211e-03
1.452469829166354476e+00 9.895562547523029107e-01 7.752785353037058673e-03
1.455817689425256578e+00 9.896766719577585469e-01 7.711423996785080059e-03
1.459173266311442507e+00 9.897884440295563468e-01 7.662110740006498541e-03
1.462536577611299515e+00 9.898870599908812240e-01 7.624116888317239438e-03
1.465907641152210283e+00 9.899617103201814317e-01 7.586864614684215441e-03
1.469286474802649067e+00 9.900228646759768880e-01 7.597766929124681427e-03
1.472673096472276066e+00 9.900738220477077745e-01 7.650922935702290928e-03
1.476067524112031792e+00 9.901176730438987494e-01 7.734902141191080625e-03
1.479469775714233437e+00 9.901591427106503085e-01 7.776336523635112713e-03
1.482879869312668797e+00 9.901997560148970701e-01 7.809853456207045512e-03
1.486297822982692196e+00 9.902368630145054196e-01 7.839919426834570174e-03
1.489723654841320410e+00 9.902675079414073878e-01 7.869123433004804324e-03
1.493157383047332143e+00 9.902791444647718322e-01 7.870830719562699890e-03
1.496599025801357064e+00 9.902677631142223769e-01 7.881849159682364353e-03
1.500048601345978172e+00 9.902352050007526829e-01 7.908235362748317065e-03
1.503506127965825501e+00 9.901824500437349519e-01 7.944474326876180617e-03
1.506971623987674924e+00 9.901102137044351936e-01 7.960236032113685717e-03
1.510445107780544749e+00 9.900388841926549555e-01 7.941515798447656635e-03
1.513926597755791859e+00 9.899679193209885986e-01 7.911399624455745308e-03
1.517416112367210967e+00 9.898996802410874318e-01 7.855663083404114053e-03
1.520913670111131433e+00 9.898490822390586530e-01 7.746848513947838903e-03
1.524419289526516286e+00 9.898160779679768817e-01 7.609299813257441349e-03
1.527932989195058600e+00 9.897957982835825508e-01 7.481534435482152696e-03
1.531454787741280299e+00 9.897857043435493996e-01 7.380656505223797022e-03
1.534984703832636965e+00 9.897827627468062106e-01 7.318549061520586083e-03
1.538522756179606210e+00 9.897826325747947074e-01 7.265997503745610063e-03
1.542068963535793813e+00 9.897825143678821158e-01 7.248092300723863596e-03
1.545623344698031643e+00 9.897812595472216257e-01 7.255720676674268926e-03
1.549185918506477577e+00 9.897780525303896404e-01 7.281927382311182383e-03
1.552756703844714314e+00 9.897723392738484449e-01 7.314923006404082211e-03
1.556335719639850845e+00 9.897594966466776167e-01 7.344481244351460866e-03
1.559922984862621487e+00 9.897370045355847745e-01 7.397835558428078259e-03
1.563518518527487133e+00 9.897027216048283060e-01 7.475337674206743686e-03
1.567122339692734734e+00 9.896549968214080062e-01 7.574568464094104565e-03
1.570734467460583872e+00 9.895914233726940124e-01 7.677956163798680886e-03
1.574354920977279138e+00 9.895169303667734617e-01 7.755610006052331834e-03
1.577983719433197374e+00 9.894421561547379618e-01 7.824778721014486946e-03
1.581620882062948485e+00 9.893743436027729876e-01 7.882195212823264047e-03
1.585266428145476914e+00 9.893203925356129913e-01 7.926665669895919392e-03
1.588920377004163997e+00 9.892872227998619206e-01 7.954304138985372405e-03
1.592582748006930560e+00 9.892816035777241002e-01 7.935524953132246095e-03
1.596253560566338825e+00 9.892914560276175884e-01 7.901772013270937783e-03
1.599932834139696336e+00 9.893078205557409577e-01 7.849601787660084179e-03
1.603620588229158761e+00 9.893206606862722241e-01 7.777888560023119187e-03
1.607316842381832478e+00 9.893193955649334237e-01 7.690447140804771049e-03
1.611021616189877825e+00 9.892883577932544137e-01 7.579937686642826931e-03
1.614734929290618792e+00 9.892254023995935563e-01 7.471583604170608899e-03
1.618456801366636943e+00 9.891395377783928078e-01 7.392822042249796825e-03
1.622187252145883107e+00 9.890396070060099021e-01 7.354724819829443032e-03
1.625926301401779739e+00 9.889370453873336242e-01 7.361303570743032293e-03
1.629673968953325947e+00 9.888452449761770957e-01 7.408642504720466815e-03
1.633430274665202742e+00 9.887835998257721304e-01 7.465355712548348358e-03
1.637195238447877177e+00 9.887585933316056508e-01 7.532996200510001100e-03
1.640968880257710483e+00 9.887673973295862950e-01 7.606708960761535653e-03
1.644751220097060429e+00 9.888047284093758327e-01 7.677861203103800505e-03
1.648542278014388573e+00 9.888624725851253849e-01 7.739449810221089680e-03
1.652342074104371283e+00 9.889305538573037735e-01 7.785953344969763663e-03
1.656150628507997657e+00 9.889951723303519460e-01 7.801661764540264096e-03
1.659967961412681658e+00 9.890453743073688297e-01 7.787357035788056506e-03
1.663794093052368694e+00 9.890800645165033211e-01 7.763469704903725073e-03
1.667629043707641978e+00 9.891004624046472182e-01 7.740279620138506601e-03
1.671472833705830219e+00 9.891102846708089702e-01 7.728771284567839510e-03
1.675325483421115536e+00 9.891147910510993402e-01 7.737279509150308404e-03
1.679187013274641149e+00 9.891191931951333061e-01 7.760850327161047078e-03
1.683057443734620628e+00 9.891290365166256482e-01 7.785636261876164275e-03
1.686936795316444915e+00 9.891426119290257502e-01 7.822818384034705558e-03
1.690825088582791791e+00 9.891564053011815405e-01 7.864958721961013560e-03
1.694722344143733350e+00 9.891648716808008057e-01 7.906582764081151321e-03
1.698628582656851682e+00 9.891614461391998736e-01 7.942518005350481317e-03
1.702543824827338792e+00 9.891396570370293295e-01 7.966772070496076427e-03
1.706468091408111620e+00 9.890935251032240139e-01 7.971924240593506947e-03
1.710401403199922621e+00 9.890186765478061748e-01 7.935474178023529598e-03
1.714343781051468119e+00 9.889234697080990788e-01 7.880221840984082474e-03
1.718295245859499332e+00 9.888135931615110730e-01 7.816941628935104511e-03
1.722255818568934060e+00 9.886969764773442249e-01 7.760327999945521374e-03
1.726225520172966155e+00 9.885822147463164677e-01 7.724870033860005078e-03
1.730204371713177869e+00 9.884772515209909738e-01 7.718740250331011972e-03
1.734192394279649330e+00 9.883886292847386956e-01 7.740387220882476854e-03
1.738189609011077996e+00 9.883213548918498015e-01 7.780450525027619857e-03
1.742196037094878136e+00 9.882791983652352563e-01 7.816372163542757712e-03
1.746211699767302949e+00 9.882622667108610370e-01 7.838417450980756512e-03
1.750236618313553372e+00 9.882691317797919206e-01 7.845354775791789012e-03
1.754270814067891537e+00 9.882986877840077566e-01 7.832238268852556584e-03
1.758314308413753579e+00 9.883491817662891643e-01 7.796911093704107960e-03
1.762367122783864204e+00 9.884188972350159696e-01 7.739846526710378316e-03
1.766429278660347935e+00 9.885058432583362364e-01 7.663498966884538938e-03
1.770500797574845908e+00 9.886064822557065757e-01 7.572289551746393642e-03
1.774581701108626675e+00 9.887148719064395852e-01 7.472280989585417497e-03
1.778672010892704325e+00 9.888243907161566870e-01 7.368017780590535928e-03
1.782771748607947515e+00 9.889266563958319933e-01 7.257710526221846162e-03
1.786880935985205365e+00 9.890132459545363242e-01 7.146212656860113054e-03
1.790999594805408046e+00 9.890780606562802335e-01 7.039692700769368920e-03
1.795127746899692900e+00 9.891176092005083964e-01 6.947723700740491941e-03
1.799265414149516351e+00 9.891309695995588180e-01 6.880734055565924587e-03
1.803412618486769370e+00 9.891198703495088784e-01 6.849758879235509114e-03
1.807569381893896265e+00 9.890894248170652991e-01 6.863561628183062653e-03
1.811735726404008373e+00 9.890462998586195820e-01 6.925015405066429694e-03
1.815911674101002848e+00 9.889970785402520947e-01 7.029348188737850368e-03
1.820097247119678352e+00 9.889474535744704475e-01 7.165979652701885867e-03
1.824292467645851623e+00 9.889005639988357466e-01 7.321053253633971573e-03
1.828497357916482269e+00 9.888574490540480433e-01 7.479023665803127482e-03
1.832711940219778457e+00 9.888144710124733283e-01 7.624230484066644477e-03
1.836936236895323704e+00 9.887680506856724172e-01 7.745551924570825107e-03
1.841170270334192782e+00 9.887116073865328536e-01 7.837182459572700904e-03
1.845414062979071179e+00 9.886466885863437470e-01 7.900891337072791717e-03
1.849667637324372560e+00 9.885622885411093907e-01 7.966650178802218291e-03
1.853931015916360225e+00 9.884601186662816952e-01 8.038918902080404230e-03
1.858204221353264129e+00 9.883456529278035196e-01 8.120633065874948223e-03
1.862487276285401894e+00 9.882257088087516017e-01 8.210811629608872134e-03
1.866780203415300043e+00 9.881084992739012085e-01 8.302521382045773696e-03
1.871083025497812136e+00 9.880029670841209422e-01 8.387011790304333900e-03
1.875395765340237997e+00 9.879162770923854975e-01 8.459358832482019239e-03
1.879718445802454285e+00 9.878528498469116848e-01 8.521256639328476934e-03
1.884051089797021072e+00 9.878146583793595559e-01 8.578412608752587071e-03
1.888393720289313515e+00 9.877994867417229097e-01 8.636439924187685677e-03
1.892746360297640207e+00 9.878026806262372173e-01 8.698012188146381912e-03
1.897109032893365521e+00 9.878175036802561149e-01 8.761022614802006434e-03
1.901481761201032405e+00 9.878370242915732735e-01 8.821484848973840109e-03
1.905864568398484282e+00 9.878557932336035075e-01 8.875536331855060634e-03
1.910257477716988506e+00 9.878706011136830778e-01 8.922174437328785762e-03
1.914660512441358486e+00 9.878804467344994844e-01 8.961425338496989412e-03
1.919073695910076705e+00 9.878866703070867672e-01 8.995126428232910060e-03
1.923497051515424383e+00 9.878926382853876476e-01 9.021544544156889084e-03
1.927930602703595842e+00 9.879027224108146710e-01 9.035163662657408681e-03
1.932374372974829058e+00 9.879214500631350315e-01 9.027770800400177625e-03
1.936828385883528458e+00 9.879514747988608070e-01 8.992005468115271336e-03
1.941292665038390153e+00 9.879933371882840820e-01 8.923569995420013029e-03
1.945767234102526944e+00 9.880463042135632090e-01 8.824805332899863727e-03
1.950252116793594448e+00 9.881060960195378051e-01 8.705866210853001330e-03
1.954747336883914777e+00 9.881683720261833503e-01 8.580335533804878470e-03
1.959252918200605098e+00 9.882293541061829556e-01 8.463525105589281630e-03
1.963768884625702205e+00 9.882823992180480577e-01 8.367966305956955203e-03
1.968295260096289745e+00 9.883252979266512472e-01 8.299706617806618808e-03
1.972832068604624567e+00 9.883550339986045818e-01 8.255470291551025505e-03
1.977379334198263061e+00 9.883715209045494943e-01 8.224457972084407015e-03
1.981937080980195276e+00 9.883748846656190690e-01 8.192835847046374756e-03
1.986505333108961491e+00 9.883669818674292173e-01 8.147304601379993724e-03
1.991084114798788107e+00 9.883505443276499047e-01 8.081886690751880972e-03
1.995673450319713771e+00 9.883274640570207659e-01 7.997761846679739273e-03
2.000273363997718601e+00 9.883002965502809545e-01 7.904468987660282983e-03
2.004883880214851644e+00 9.882718565396018118e-01 7.814891786012198929e-03
2.009505023409362767e+00 9.882446053696877231e-01 7.742327404020035546e-03
2.014136818075829449e+00 9.882199964247229129e-01 7.693321452554416177e-03
2.018779288765285784e+00 9.882010528554688866e-01 7.666275740834064406e-03
2.023432460085361484e+00 9.881888184245307682e-01 7.653281670524919068e-03
2.028096356700398228e+00 9.881836250879039163e-01 7.639898265651481717e-03
2.032771003331590887e+00 9.881878820850702461e-01 7.620098841050014851e-03
2.037456424757114082e+00 9.882004520490818011e-01 7.590549722519076073e-03
2.042152645812255862e+00 9.882197908862428992e-01 7.554946653254360212e-03
2.046859691389546931e+00 9.882421025392443825e-01 7.522228453305952398e-03
2.051577586438895207e+00 9.882624486598801106e-01 7.504270550364337822e-03
2.056306355967715938e+00 9.882751107863072537e-01 7.510715366655796275e-03
2.061046025041064489e+00 9.882739237332603954e-01 7.547148526017146558e-03
2.065796618781771343e+00 9.882532663312627585e-01 7.614788448612132624e-03
2.070558162370572663e+00 9.882093640914149102e-01 7.710475347013470530e-03
2.075330681046243964e+00 9.881401240654237306e-01 7.827771579933098800e-03
2.080114200105734223e+00 9.880473793711689323e-01 7.959857593833934153e-03
2.084908744904305777e+00 9.879357441357897729e-01 8.098102641824535611e-03
2.089714340855657770e+00 9.878127763539051864e-01 8.234080517422753473e-03
2.094531013432067379e+00 9.876876470627877769e-01 8.358649968837032415e-03
2.099358788164525702e+00 9.875717509907410152e-01 8.460146912322354801e-03
2.104197690642869656e+00 9.874755745556269559e-01 8.541040884658887555e-03
2.109047746515920085e+00 9.874070710325177913e-01 8.602220650738028399e-03
2.113908981491616323e+00 9.873708891964737555e-01 8.648064481902358741e-03
2.118781421337154747e+00 9.873685339425317675e-01 8.684011346743314777e-03
2.123665091879118894e+00 9.873981429018648948e-01 8.714880760641897928e-03
2.128560019003629566e+00 9.874539826993042890e-01 8.741793188950311433e-03
2.133466228656466068e+00 9.875280858623308733e-01 8.762974879058874067e-03
2.138383746843214528e+00 9.876121655697562840e-01 8.774013554072536761e-03
2.143312599629401127e+00 9.876970649025357263e-01 8.768879939941258764e-03
2.148252813140632433e+00 9.877751938849941293e-01 8.745545326903504668e-03
2.153204413562732622e+00 9.878400599699794782e-01 8.699874417861038975e-03
2.158167427141883365e+00 9.878905817731353789e-01 8.638585862085863473e-03
2.163141880184761057e+00 9.879264572165926683e-01 8.574810031291010132e-03
2.168127799058679361e+00 9.879518473695469982e-01 8.523688861120447269e-03
2.173125210191725554e+00 9.879701298322739467e-01 8.499553178041643897e-03
2.178134140072902625e+00 9.879870158313706074e-01 8.515355649022919235e-03
2.183154615252268727e+00 9.880069694866202568e-01 8.579326508917206953e-03
2.188186662341077060e+00 9.880307515120948514e-01 8.679989968770222830e-03
2.193230308011924201e+00 9.880630634688836178e-01 8.821799572349174959e-03
2.198285578998879775e+00 9.881032084249795622e-01 8.989289128102451523e-03
2.203352502097634780e+00 9.881488773525380909e-01 9.149552525085574012e-03
2.208431104165643699e+00 9.881948161134171960e-01 9.280224994046400860e-03
2.213521412122266163e+00 9.882366760680223461e-01 9.366040439690722155e-03
2.218623452948908170e+00 9.882710480574955492e-01 9.396217570473368308e-03
2.223737253689168192e+00 9.882941891461224371e-01 9.369089515007972616e-03
2.228862841448976617e+00 9.883047464236939250e-01 9.291431949057227940e-03
2.234000243396742302e+00 9.883022497566034126e-01 9.178169034416153865e-03
2.239149486763494679e+00 9.882886271384855315e-01 9.044464101119299021e-03
2.244310598843033411e+00 9.882665100523611024e-01 8.905670664566482653e-03
2.249483606992064733e+00 9.882408330579068867e-01 8.783040940144041381e-03
2.254668538630350660e+00 9.882153578684372830e-01 8.683155036954831249e-03
2.259865421240855543e+00 9.881922697167475622e-01 8.605363156290127963e-03
2.265074282369889058e+00 9.881738725821679337e-01 8.544820169902286530e-03
2.270295149627255871e+00 9.881600666781621412e-01 8.494506048495630013e-03
2.275528050686396853e+00 9.881487382884901471e-01 8.442704227683596463e-03
2.280773013284540962e+00 9.881365628641318732e-01 8.388233315134930451e-03
2.286030065222847796e+00 9.881194590637459862e-01 8.334257811632163684e-03
2.291299234366559023e+00 9.880929833380699412e-01 8.283652814815344392e-03
2.296580548645143161e+00 9.880535405817405525e-01 8.240381030623685626e-03
2.301874036052441674e+00 9.879988562118359186e-01 8.209179314084184484e-03
2.307179724646827967e+00 9.879264499306117386e-01 8.186958290602766933e-03
2.312497642551341936e+00 9.878393914910965634e-01 8.181722114948495814e-03
2.317827817953846736e+00 9.877417007074223987e-01 8.193986593549237862e-03
2.323170279107176661e+00 9.876381352333803987e-01 8.222321653527767810e-03
2.328525054329288579e+00 9.875353714623106294e-01 8.262486056827325273e-03
2.333892172003409815e+00 9.874403951891475018e-01 8.304871703567947086e-03
2.339271660578189582e+00 9.873603988175913004e-01 8.340034697230385916e-03
2.344663548567849976e+00 9.872997934320326685e-01 8.366116591592229895e-03
2.350067864552335184e+00 9.872620221431046561e-01 8.377692173566738190e-03
2.355484637177464258e+00 9.872492199716692562e-01 8.368070487752073128e-03
2.360913895155089204e+00 9.872585914349307767e-01 8.336327366857222698e-03
2.366355667263233986e+00 9.872915443051902828e-01 8.269663259015364726e-03
2.371809982346257062e+00 9.873428380311699559e-01 8.183554116979279563e-03
2.377276869315001928e+00 9.874060437843682481e-01 8.086851621940281329e-03
2.382756357146948556e+00 9.874767004397366765e-01 7.990053375940428526e-03
2.388248474886369710e+00 9.875492611527211251e-01 7.901531067376732498e-03
2.393753251644482827e+00 9.876181244443862361e-01 7.827780210986895817e-03
2.399270716599605890e+00 9.876800911431891095e-01 7.784086119459710310e-03
2.404800898997309311e+00 9.877332781509089443e-01 7.775429649629649054e-03
2.410343828150574907e+00 9.877760530045280873e-01 7.801937278228418711e-03
2.415899533439948677e+00 9.878083378538238257e-01 7.850501870830859860e-03
2.421468044313694001e+00 9.878318318894160344e-01 7.919540239596303821e-03
2.427049390287959518e+00 9.878484751220628635e-01 7.998883449567008655e-03
2.432643600946917228e+00 9.878610817620415707e-01 8.078321508734278081e-03
2.438250705942934360e+00 9.878700094236227969e-01 8.139541933742987581e-03
2.443870734996723026e+00 9.878784190289957579e-01 8.179430302125660981e-03
2.449503717897500543e+00 9.878866055768454890e-01 8.199176954005116952e-03
2.455149684503146634e+00 9.878953050647826251e-01 8.201468208971454676e-03
2.460808664740361973e+00 9.879043590861271706e-01 8.183039499652478704e-03
2.466480688604826277e+00 9.879125109946510497e-01 8.157148179603678634e-03
2.472165786161358181e+00 9.879191399091523662e-01 8.139627197310586246e-03
2.477863987544070223e+00 9.879227759487740901e-01 8.138707620859593136e-03
2.483575322956541154e+00 9.879218224691740380e-01 8.149118950475341128e-03
2.489299822671959372e+00 9.879146658550432836e-01 8.182085586811774919e-03
2.495037517033293017e+00 9.879020275959264907e-01 8.237074499117862103e-03
2.500788436453450725e+00 9.878821860117119602e-01 8.305245600965800723e-03
2.506552611415439280e+00 9.878540466075043103e-01 8.372546365931782947e-03
2.512330072472527931e+00 9.878179627334350288e-01 8.442143056256361591e-03
2.518120850248409592e+00 9.877744657936122774e-01 8.511058691799968171e-03
2.523924975437363383e+00 9.877265983041836339e-01 8.561242496207443348e-03
2.529742478804415384e+00 9.876656793503856280e-01 8.604022910880956831e-03
2.535573391185505621e+00 9.875963033541362845e-01 8.642029405083359941e-03
2.541417743487647041e+00 9.875181741723360052e-01 8.676804021263516756e-03
2.547275566689090276e+00 9.874292775492691243e-01 8.698767173536217992e-03
2.553146891839496391e+00 9.873316381810854914e-01 8.721332083873052643e-03
2.559031750060086541e+00 9.872250574211115515e-01 8.749496647521450357e-03
2.564930172543816944e+00 9.871094831391045155e-01 8.774798992488088561e-03
2.570842190555541418e+00 9.869864031464511411e-01 8.806726755717706259e-03
2.576767835432178799e+00 9.868575669446829624e-01 8.852424403036497635e-03
2.582707138582876372e+00 9.867254079535033862e-01 8.908229842856205116e-03
2.588660131489177729e+00 9.865917290677910234e-01 8.976429019194218442e-03
2.594626845705190643e+00 9.864601220790563119e-01 9.064400023433396084e-03
2.600607312857752706e+00 9.863337417927497963e-01 9.163974479925082392e-03
2.606601564646596980e+00 9.862148735702781499e-01 9.268486811352743063e-03
2.612609632844530516e+00 9.861060814252208262e-01 9.381855178978267679e-03
2.618631549297586680e+00 9.860093197245431984e-01 9.490119355517585842e-03
2.624667345925205453e+00 9.859265840943131076e-01 9.582669794456722887e-03
2.630717054720399517e+00 9.858570493059798379e-01 9.666337989799369743e-03
2.636780707749922126e+00 9.858014793899981809e-01 9.729111424910404093e-03
2.642858337154438964e+00 9.857595213658353339e-01 9.771748456073739778e-03
2.648949975148700009e+00 9.857273328989970551e-01 9.807383755773571576e-03
2.655055654021706069e+00 9.857045589802722052e-01 9.828072315209428200e-03
2.661175406136883748e+00 9.856886465658857288e-01 9.845589013066230466e-03
2.667309263932255092e+00 9.856761187563971571e-01 9.870667916602821057e-03
2.673457259920609008e+00 9.856655669594573954e-01 9.891098740342644038e-03
2.679619426689673123e+00 9.856558089172964277e-01 9.920350229694193875e-03
2.685795796902295862e+00 9.856445215527247505e-01 9.956337235531293253e-03
2.691986403296602770e+00 9.856317092012701897e-01 9.984978391083358662e-03
2.698191278686183026e+00 9.856179637508246660e-01 1.001328694768304980e-02
2.704410455960256865e+00 9.856031468300484599e-01 1.003584791327462485e-02
2.710643968083854993e+00 9.855884806547312582e-01 1.004091024592307022e-02
2.716891848097988227e+00 9.855751892748301213e-01 1.003886755397814454e-02
2.723154129119827349e+00 9.855650189289392182e-01 1.001737578042598970e-02
2.729430844342874973e+00 9.855600171427656431e-01 9.982669140418591255e-03
2.735722027037142290e+00 9.855613238333451598e-01 9.941199428674796570e-03
2.742027710549324482e+00 9.855706779512156679e-01 9.882842591284824244e-03
2.748347928302986798e+00 9.855866379730428006e-01 9.826575108411511258e-03
2.754682713798726201e+00 9.856112404834743712e-01 9.765067567303740981e-03
2.761032100614357443e+00 9.856426038232630749e-01 9.705387608892709905e-03
2.767396122405092029e+00 9.856795571901930675e-01 9.652764157387500044e-03
2.773774812903715414e+00 9.857212912464552446e-01 9.600275303535519764e-03
2.780168205920762414e+00 9.857642659198653234e-01 9.557811561886907920e-03
2.786576335344701949e+00 9.858077261203916919e-01 9.515695747657740636e-03
2.792999235142112457e+00 9.858489173441283837e-01 9.481728312073436568e-03
2.799436939357863974e+00 9.858862179802878600e-01 9.453179479021611362e-03
2.805889482115297984e+00 9.859171600373773936e-01 9.430807619158296934e-03
2.812356897616407725e+00 9.859423270720292232e-01 9.421302301346481944e-03
2.818839220142021595e+00 9.859591623622976364e-01 9.418925426214586061e-03
2.825336484051978569e+00 9.859693374292671786e-01 9.436411943488357337e-03
2.831848723785324484e+00 9.859720151276214484e-01 9.462965998369307630e-03
2.838375973860477686e+00 9.859690368182972842e-01 9.509729100543422298e-03
2.844918268875420431e+00 9.859610122868854853e-01 9.564582909149840773e-03
2.851475643507883184e+00 9.859496235138576203e-01 9.628916126388156402e-03
2.858048132515524475e+00 9.859364906921337379e-01 9.695209775742614014e-03
2.864635770736120080e+00 9.859226216699913392e-01 9.752738189041534542e-03
2.871238593087742430e+00 9.859089675117563845e-01 9.806069565479072145e-03
2.877856634568949357e+00 9.858960818729475273e-01 9.840002396615706026e-03
2.884489930258964829e+00 9.858842179017613949e-01 9.863558591849440685e-03
2.891138515317877467e+00 9.858737422270235085e-01 9.861241551961075560e-03
2.897802424986809733e+00 9.858638419719646384e-01 9.850975646806248848e-03
2.904481694588114671e+00 9.858535191945150267e-01 9.824045624454404851e-03
2.911176359525561974e+00 9.858416933408699068e-01 9.798807267906427601e-03
2.917886455284525393e+00 9.858263032950316251e-01 9.772028802199595257e-03
2.924612017432168809e+00 9.858064286114647246e-01 9.759950937428202647e-03
2.931353081617638523e+00 9.857796787735375599e-01 9.760952647229138163e-03
2.938109683572248887e+00 9.857450010772020876e-01 9.785094599096011772e-03
2.944881859109672817e+00 9.857006133430477046e-01 9.826273902811353406e-03
2.951669644126132308e+00 9.856465933424446435e-01 9.890728706180847846e-03
2.958473074600587616e+00 9.855816992546654332e-01 9.964834190416767962e-03
2.965292186594929102e+00 9.855072936734012856e-01 1.005372464539100105e-02
2.972127016254163756e+00 9.854214569876117435e-01 1.013968521433741311e-02
2.978977599806620358e+00 9.853285098693415067e-01 1.023075020734289658e-02
2.985843973564122678e+00 9.852274403965379790e-01 1.030956096444151163e-02
2.992726173922195088e+00 9.851217890172472291e-01 1.038666892123097513e-02
2.999624237360249968e+00 9.850126579931999249e-01 1.044903919018144896e-02
3.006538200441783548e+00 9.849026725130005655e-01 1.050800067421647430e-02
3.013468099814569090e+00 9.847938284951005539e-01 1.055540723137757785e-02
3.020413972210850506e+00 9.846886060057213896e-01 1.059897970631132856e-02
3.027375854447537762e+00 9.845889880377337589e-01 1.063530328012384646e-02
3.034353783426397833e+00 9.845030207882750073e-01 1.066486213479448872e-02
3.041347796134264758e+00 9.844185515535174291e-01 1.069042743283032948e-02
3.048357929643214614e+00 9.843437422894973921e-01 1.070969106804987164e-02
3.055384221110775123e+00 9.842794162244105083e-01 1.072346150096532835e-02
3.062426707780122825e+00 9.842274337286511798e-01 1.072578616714045009e-02
3.069485426980274489e+00 9.841855309612200786e-01 1.072318608337754706e-02
3.076560416126289610e+00 9.841564807888978361e-01 1.070442434957545250e-02
3.083651712719467142e+00 9.841383013959308368e-01 1.067889963922021360e-02
3.090759354347544008e+00 9.841313962582606267e-01 1.063825001803325038e-02
3.097883378684895384e+00 9.841354674719078321e-01 1.058682400282250080e-02
3.105023823492733648e+00 9.841493336306331718e-01 1.052534425292218738e-02
3.112180726619307780e+00 9.841735909791389236e-01 1.044881148380821974e-02
3.119354126000106309e+00 9.842070106487339487e-01 1.036794041981920281e-02
3.126544059658051378e+00 9.842499305131561238e-01 1.027647977937587095e-02
3.133750565703717683e+00 9.843010905173144032e-01 1.018471360652272416e-02
3.140973682335512329e+00 9.843596464755399733e-01 1.009548602980164973e-02
3.148213447839890211e+00 9.844259736931278981e-01 1.001029607868255192e-02
3.155469900591555632e+00 9.844986474083873285e-01 9.939653347519488563e-03
3.162743079053661699e+00 9.845765761090722323e-01 9.881758529313772535e-03
3.170033021778020377e+00 9.846588138175981220e-01 9.841693907600642527e-03
3.177339767405300552e+00 9.847437752786423193e-01 9.822042277282961795e-03
3.184663354665237200e+00 9.848299428782647524e-01 9.814758639016037817e-03
3.192003822376831668e+00 9.849156158822596208e-01 9.824721170269515302e-03
3.199361209448570165e+00 9.849941234823920144e-01 9.842543248118318031e-03
3.206735554878611616e+00 9.850714605115914457e-01 9.865257199068130575e-03
3.214126897755005707e+00 9.851439279800449089e-01 9.894067272127646251e-03
3.221535277255899388e+00 9.852072508445618437e-01 9.914837030280449284e-03
3.228960732649741150e+00 9.852596753906144311e-01 9.934561214819297506e-03
3.236403303295492861e+00 9.853004154420699212e-01 9.950925688051944634e-03
3.243863028642835822e+00 9.853256619887652556e-01 9.956660271834387455e-03
3.251339948232379040e+00 9.853369626545872562e-01 9.960258422333853265e-03
3.258834101695873287e+00 9.853322101378522158e-01 9.961577614271664022e-03
3.266345528756416705e+00 9.853106818416835777e-01 9.956423578035668645e-03
3.273874269228666201e+00 9.852734795307829252e-01 9.952113766412541349e-03
3.281420363019050157e+00 9.852215366590929557e-01 9.950597672995897119e-03
3.288983850125979380e+00 9.851541881926805244e-01 9.945081891237314564e-03
3.296564770640054487e+00 9.850743180917667097e-01 9.943819043796375823e-03
3.304163164744293724e+00 9.849841861100905316e-01 9.947035528291394910e-03
3.311779072714323480e+00 9.848843883328994853e-01 9.950674688579448299e-03
3.319412534918606994e+00 9.847786120072598015e-01 9.960113909201512294e-03
3.327063591818655297e+00 9.846684404428919235e-01 9.978632989433085243e-03
3.334732283969240818e+00 9.845569586540489082e-01 1.000280699870049160e-02
3.342418652018610548e+00 9.844458407891985008e-01 1.003648274090364161e-02
3.350122736708705862e+00 9.843375810825336636e-01 1.008274089206650376e-02
3.357844578875371688e+00 9.842336101933518711e-01 1.014212185260860918e-02
3.365584219448586545e+00 9.841358955625727489e-01 1.021186515048121309e-02
3.373341699452661491e+00 9.840471198394626917e-01 1.029360981052626980e-02
3.381117060006468389e+00 9.839672502106034946e-01 1.038821571707214744e-02
3.388910342323656621e+00 9.838929764213923956e-01 1.049459449214385810e-02
3.396721587712870249e+00 9.838275469315312938e-01 1.061207391251696788e-02
3.404550837577967837e+00 9.837702794440668086e-01 1.074028467023117363e-02
3.412398133418240498e+00 9.837206691224469335e-01 1.087629849196105128e-02
3.420263516828634387e+00 9.836799087675400788e-01 1.101483542679504435e-02
3.428147029499968301e+00 9.836457504408329111e-01 1.115756203026436674e-02
3.436048713219156614e+00 9.836175790748060699e-01 1.130240446486977315e-02
3.443968609869429987e+00 9.835943364972488112e-01 1.144645588551824154e-02
3.451906761430558301e+00 9.835755808306620995e-01 1.158348985464103566e-02
3.459863209979070486e+00 9.835602199641495513e-01 1.171466824430544666e-02
3.467837997688477891e+00 9.835472876033901635e-01 1.183793755581901384e-02
3.475831166829509655e+00 9.835369320368566592e-01 1.195151712365460049e-02
3.483842759770314768e+00 9.835279875695915885e-01 1.204927962074478325e-02
3.491872818976703652e+00 9.835204432660834550e-01 1.213140463132079613e-02
3.499921387012365770e+00 9.835138977265798221e-01 1.219823864423226142e-02
3.507988506539100104e+00 9.835081959126706908e-01 1.224859586334572231e-02
3.516074220317036314e+00 9.835028637145115660e-01 1.228127966860810896e-02
3.524178571204865218e+00 9.834987789683714565e-01 1.229236275105185204e-02
3.532301602160061282e+00 9.834950548434835405e-01 1.228634317329485928e-02
3.540443356239121986e+00 9.834923418951898588e-01 1.226404047943510135e-02
3.548603876597778761e+00 9.834905292246800546e-01 1.222782794011880066e-02
3.556783206491237692e+00 9.834897500000000514e-01 1.217493771120957934e-02
3.564981389274405554e+00 9.834892792252789562e-01 1.210596088744576686e-02
3.573198468402119410e+00 9.834900195915738941e-01 1.202723372087415900e-02
3.581434487429378422e+00 9.834910443690099147e-01 1.193946999533027770e-02
3.589689490011571227e+00 9.834926125794487550e-01 1.184634953351642976e-02
3.597963519904712637e+00 9.834952751075198840e-01 1.175056116148896247e-02
3.606256620965670123e+00 9.834981242820772795e-01 1.165485069452809261e-02
3.614568837152400071e+00 9.835014878811146888e-01 1.155979761744566243e-02
3.622900212524179153e+00 9.835054612291798115e-01 1.147095989594472398e-02
3.631250791241837916e+00 9.835096004219948673e-01 1.138999975571611950e-02
3.639620617567994376e+00 9.835147244666072597e-01 1.131951166125386501e-02
3.648009735867288050e+00 9.835212180343941846e-01 1.125849069281418396e-02
3.656418190606625096e+00 9.835286785959159728e-01 1.120937794143757153e-02
3.664846026355395026e+00 9.835384203640813450e-01 1.116961727549634423e-02
3.673293287785722505e+00 9.835508849651729557e-01 1.113825009678812497e-02
3.681760019672695616e+00 9.835669149291084157e-01 1.111452034160118410e-02
3.690246266894609661e+00 9.835866766953901275e-01 1.109753307815850021e-02
3.698752074433199866e+00 9.836115568225801686e-01 1.108400030126979567e-02
3.707277487373882963e+00 9.836411956299251358e-01 1.107370331029782634e-02
3.715822550905990340e+00 9.836768934076222104e-01 1.106434581103044393e-02
3.724387310323024280e+00 9.837204033653930146e-01 1.105272793718676573e-02
3.732971811022874675e+00 9.837715252283413259e-01 1.103884677268565130e-02
3.741576098508073489e+00 9.838305214593414671e-01 1.101836483037582463e-02
3.750200218386035012e+00 9.838984806553898732e-01 1.099404220425025981e-02
3.758844216369295221e+00 9.839739566848797470e-01 1.096359452719056042e-02
3.767508138275755147e+00 9.840573813827575567e-01 1.092688559325877447e-02
3.776192030028923785e+00 9.841478846327532670e-01 1.088347937676212990e-02
3.784895937658160125e+00 9.842445597691882320e-01 1.083256080318295393e-02
3.793619907298919181e+00 9.843467331056889869e-01 1.077473167386379903e-02
3.802363985192995344e+00 9.844524820412478006e-01 1.070808695648964304e-02
3.811128217688767084e+00 9.845605589862644891e-01 1.063417263592366345e-02
3.819912651241444745e+00 9.846688529528958567e-01 1.055179511991442831e-02
3.828717332413313024e+00 9.847749280483926171e-01 1.046162648102985128e-02
3.837542307873979208e+00 9.848770506857913443e-01 1.036469939664737966e-02
3.846387624400629868e+00 9.849736418437941010e-01 1.026258574312015164e-02
3.855253328878260000e+00 9.850615055147173837e-01 1.015653253226336122e-02
3.864139468299937263e+00 9.851391162735529949e-01 1.005058551013352647e-02
3.873046089767042677e+00 9.852040026417979712e-01 9.949368876207160747e-03
3.881973240489525967e+00 9.852526081745945907e-01 9.861674665467204740e-03
3.890920967786150708e+00 9.852887716309804977e-01 9.781440199829989982e-03
3.899889319084750117e+00 9.853071716807478841e-01 9.721352146313224502e-03
3.908878341922469524e+00 9.853070851606544611e-01 9.686127158114647348e-03
3.917888083946038158e+00 9.852884034168574168e-01 9.680610857432325744e-03
3.926918592911994743e+00 9.852503889449749641e-01 9.708560325584638870e-03
3.935969916686960612e+00 9.851923589118967151e-01 9.771464882567219498e-03
3.945042103247884402e+00 9.851158322422186586e-01 9.868040388862131529e-03
3.954135200682300511e+00 9.850213911118806953e-01 9.996971981066903393e-03
3.963249257188580899e+00 9.849095184108084267e-01 1.015473271070981183e-02
3.972384321076193991e+00 9.847818424815153460e-01 1.033572207015082296e-02
3.981540440765956479e+00 9.846400468204123957e-01 1.053485620534368693e-02
3.990717664790295327e+00 9.844863647883296265e-01 1.074472400623690052e-02
3.999916041793498245e+00 9.843233457222102523e-01 1.096167654252405178e-02
4.009135620531977473e+00 9.841522372439694966e-01 1.117931208160032573e-02
4.018376449874526912e+00 9.839765609868582619e-01 1.139401807002445380e-02
4.027638578802577918e+00 9.837981254291103816e-01 1.160142611618381406e-02
4.036922056410458204e+00 9.836190746540134366e-01 1.180005381110273491e-02
4.046226931905668067e+00 9.834421079112370956e-01 1.198669029386531699e-02
4.055553254609115754e+00 9.832784351382335419e-01 1.215077999641784971e-02
4.064901073955393684e+00 9.831119679559772173e-01 1.230963247388080530e-02
4.074270439493041351e+00 9.829528993136872339e-01 1.245164308456795862e-02
4.083661400884801118e+00 9.828035185396390983e-01 1.257585990595837082e-02
4.093074007907890000e+00 9.826648725533195794e-01 1.267979962173822542e-02
4.102508310454252793e+00 9.825389974273111005e-01 1.276258610239841204e-02
4.111964358530836527e+00 9.824254634410418685e-01 1.282325054204658081e-02
4.121442202259847143e+00 9.823252195983813717e-01 1.285946756205675300e-02
4.130941891879030159e+00 9.822388788139185811e-01 1.287279766449584729e-02
4.140463477741914033e+00 9.821662857427174709e-01 1.286401302360832763e-02
4.150007010318093492e+00 9.821066999426775190e-01 1.283565832628043649e-02
4.159572540193494206e+00 9.820600024122874139e-01 1.279024561890411069e-02
4.169160118070638354e+00 9.820252036339804924e-01 1.273118785860062781e-02
4.178769794768913748e+00 9.820019279568967807e-01 1.266435931270637645e-02
4.188401621224845606e+00 9.819882235200172449e-01 1.259346686327045967e-02
4.198055648492363900e+00 9.819842308693604860e-01 1.252207924640760632e-02
4.207731927743075140e+00 9.819881402945378479e-01 1.245600154718434251e-02
4.217430510266535038e+00 9.819981745276273877e-01 1.240084885043185418e-02
4.227151447470515855e+00 9.820129226054468141e-01 1.235667421228364184e-02
4.236894790881282624e+00 9.820320968965071673e-01 1.232350070672469725e-02
4.246660592143864044e+00 9.820535473421920791e-01 1.230227617822869657e-02
4.256448903022338470e+00 9.820763830446961329e-01 1.229161539335828224e-02
4.266259775400082610e+00 9.820993234609600719e-01 1.228777355346227437e-02
4.276093261280069946e+00 9.821212958486877920e-01 1.228854198680752810e-02
4.285949412785133639e+00 9.821407545116177529e-01 1.229177357526591019e-02
4.295828282158251632e+00 9.821569794041503654e-01 1.229435072490417738e-02
4.305729921762813106e+00 9.821690089156775993e-01 1.229479965194634275e-02
4.315654384082907136e+00 9.821759981083044710e-01 1.228989993923938762e-02
4.325601721723593585e+00 9.821774406711151206e-01 1.227983450982864100e-02
4.335571987411179329e+00 9.821722995218813423e-01 1.226672288137834604e-02
4.345565233993514909e+00 9.821607502175651039e-01 1.225123225339070504e-02
4.355581514440251212e+00 9.821423534596276372e-01 1.223495655277971779e-02
4.365620881843134349e+00 9.821164626290145305e-01 1.221840590047155659e-02
4.375683389416282765e+00 9.820833640579837986e-01 1.220462701547044698e-02
4.385769090496471456e+00 9.820447120743038827e-01 1.219487368853191221e-02
4.395878038543413524e+00 9.819989077722596216e-01 1.218903243084366178e-02
4.406010287140045278e+00 9.819465037317298695e-01 1.218652767977488824e-02
4.416165889992805127e+00 9.818876325413765649e-01 1.218656038080616691e-02
4.426344900931924897e+00 9.818243529739733022e-01 1.218839644621755140e-02
4.436547373911710501e+00 9.817565127698639760e-01 1.219095488144979547e-02
4.446773363010830593e+00 9.816849934943120415e-01 1.219078675540642351e-02
4.457022922432600787e+00 9.816119849584858947e-01 1.218698564505367975e-02
4.467296106505266984e+00 9.815370017991061902e-01 1.217924306825382899e-02
4.477592969682316237e+00 9.814631306182876047e-01 1.216676723732031118e-02
4.487913566542728105e+00 9.813902492719699389e-01 1.214772221989354230e-02
4.498257951791294396e+00 9.813205394499041612e-01 1.212436056644362707e-02
4.508626180258894500e+00 9.812550427610787773e-01 1.209802238557079052e-02
4.519018306902790272e+00 9.811952124572462797e-01 1.206865044000663204e-02
4.529434386806917345e+00 9.811426895282346905e-01 1.203804678037520212e-02
4.539874475182176461e+00 9.810981603976171028e-01 1.200890529343775527e-02
4.550338627366728339e+00 9.810634702041308719e-01 1.198170092239068778e-02
4.560826898826277009e+00 9.810401645708715090e-01 1.195730988458620914e-02
4.571339345154388667e+00 9.810274608737321600e-01 1.193590664367422463e-02
4.581876022072752797e+00 9.810264591737036799e-01 1.191880693459790308e-02
4.592436985431501917e+00 9.810392011399580170e-01 1.190276435077527659e-02
4.603022291209496686e+00 9.810649668736286522e-01 1.189119327252225085e-02
4.613631995514628770e+00 9.811037361128501777e-01 1.188098896234282206e-02
4.624266154584113941e+00 9.811568649271846798e-01 1.187192862754514640e-02
4.634924824784790509e+00 9.812226410619081518e-01 1.186433376419032681e-02
4.645608062613421296e+00 9.813010652536795497e-01 1.185626653012838289e-02
4.656315924696991182e+00 9.813910433222727825e-01 1.184869288719054420e-02
4.667048467793003752e+00 9.814913846779305118e-01 1.184221566899608391e-02
4.677805748789788609e+00 9.816015912565486667e-01 1.183516865917851393e-02
4.688587824706798024e+00 9.817192235014360335e-01 1.183020609364393745e-02
4.699394752694910693e+00 9.818426282567100927e-01 1.182711133278112857e-02
4.710226590036731942e+00 9.819706237624338252e-01 1.182572600335785908e-02
4.721083394146913470e+00 9.821005442435519761e-01 1.182849179413319671e-02
4.731965222572429575e+00 9.822243512696151591e-01 1.183204489618737941e-02
4.742872132992903111e+00 9.823528164878726487e-01 1.183919281811405926e-02
4.753804183220903035e+00 9.824768370800606165e-01 1.184918792934817715e-02
4.764761431202254371e+00 9.825946722973479819e-01 1.186050035860994681e-02
4.775743935016345532e+00 9.827039875683751813e-01 1.187324344524741740e-02
4.786751752876432064e+00 9.828029397825904789e-01 1.188457570870998098e-02
4.797784943129943080e+00 9.828899538001196756e-01 1.189622572187113564e-02
4.808843564258811654e+00 9.829630475131747591e-01 1.190351786072570486e-02
4.819927674879752821e+00 9.830212473535984152e-01 1.190961912975240129e-02
4.831037333744594875e+00 9.830618374529987991e-01 1.190965282435783520e-02
4.842172599740583117e+00 9.830855405129387270e-01 1.190621483448371654e-02
4.853333531890698715e+00 9.830908536000124709e-01 1.189736377285903132e-02
4.864520189353965129e+00 9.830772180930873461e-01 1.188393154860119781e-02
4.875732631425765184e+00 9.830447070882953886e-01 1.186635224115061352e-02
4.886970917538152825e+00 9.829929969657997813e-01 1.184549037502241262e-02
4.898235107260170196e+00 9.829266644027357946e-01 1.182321905420795002e-02
4.909525260298163829e+00 9.828392869714859259e-01 1.179855973110826434e-02
4.920841436496096399e+00 9.827351140942118812e-01 1.177508143700830602e-02
4.932183695835871795e+00 9.826145096114532462e-01 1.175307510770153344e-02
4.943552098437645981e+00 9.824788669396506968e-01 1.173593802486591620e-02
4.954946704560144966e+00 9.823302226753075628e-01 1.172481463967868162e-02
4.966367574601002310e+00 9.821701530202787689e-01 1.172138774281330023e-02
4.977814769097047787e+00 9.819998198276641554e-01 1.172839600136345306e-02
4.989288348724654654e+00 9.818216940901500767e-01 1.174568856675783923e-02
5.000788374300046968e+00 9.816378001195791292e-01 1.177531465293898093e-02
5.012314906779628210e+00 9.814497812016953482e-01 1.181724121292204027e-02
5.023868007260305468e+00 9.812598942360828413e-01 1.187327634161174789e-02
5.035447736979805633e+00 9.810699208766968660e-01 1.194024893442714903e-02
5.047054157317005796e+00 9.808821037600824466e-01 1.201971574316313199e-02
5.058687329792268983e+00 9.806988054178880088e-01 1.210988415064546270e-02
5.070347316067746135e+00 9.805283402589837216e-01 1.220407652471121318e-02
5.082034177947717168e+00 9.803575457279458671e-01 1.230999958685816999e-02
5.093747977378924041e+00 9.801959269233335714e-01 1.242021577183630675e-02
5.105488776450886945e+00 9.800449380496540908e-01 1.253443712062851309e-02
5.117256637396240038e+00 9.799055381488230854e-01 1.264872011249257126e-02
5.129051622591060955e+00 9.797794303325830789e-01 1.276202574830908980e-02
5.140873794555201215e+00 9.796674372512859108e-01 1.287370054542309912e-02
5.152723215952615732e+00 9.795703745905806059e-01 1.298022574423654193e-02
5.164599949591695882e+00 9.794882803125319892e-01 1.308203804319559536e-02
5.176504058425605237e+00 9.794216462392576483e-01 1.317744420614363511e-02
5.188435605552607299e+00 9.793717900691462086e-01 1.326517203400365101e-02
5.200394654216408341e+00 9.793382004539769037e-01 1.334576131546645616e-02
5.212381267806477148e+00 9.793208137337769958e-01 1.341722483941992783e-02
5.224395509858410058e+00 9.793192711381525362e-01 1.347939487334853456e-02
5.236437444054234724e+00 9.793331811526551078e-01 1.353151319260122859e-02
5.248507134222764492e+00 9.793606302942435837e-01 1.357214212396362987e-02
5.260604644339938574e+00 9.794037693514163756e-01 1.360229633206731618e-02
5.272730038529150676e+00 9.794601678734398131e-01 1.362117869380669380e-02
5.284883381061603380e+00 9.795294660297614309e-01 1.362699288850241497e-02
5.297064736356634107e+00 9.796107456398491786e-01 1.361856985844314520e-02
5.309274168982061504e+00 9.797026942498245905e-01 1.359629495647347690e-02
5.321511743654543380e+00 9.798038529527046681e-01 1.355979371180582663e-02
5.333777525239890238e+00 9.799135075644188619e-01 1.350776438901457252e-02
5.346071578753432973e+00 9.800305633665334915e-01 1.344203595852540116e-02
5.358393969360352393e+00 9.801531982864543080e-01 1.336417135527432840e-02
5.370744762376038040e+00 9.802804125445525596e-01 1.327374720625996811e-02
5.383124023266424807e+00 9.804109493579935553e-01 1.317342952474724951e-02
5.395531817648341111e+00 9.805431275700794425e-01 1.306577199383173946e-02
5.407968211289863270e+00 9.806705838490631377e-01 1.295862724577547843e-02
5.420433270110654789e+00 9.808024682271585526e-01 1.284434524047885738e-02
5.432927060182321632e+00 9.809328137656592173e-01 1.273166272086198592e-02
5.445449647728761278e+00 9.810596398027925380e-01 1.262304976946150049e-02
5.458001099126513544e+00 9.811821993183778012e-01 1.252213661286573701e-02
5.470581480905112315e+00 9.812996797067712329e-01 1.243099633522838469e-02
5.483190859747433699e+00 9.814101223078525171e-01 1.235004585438803822e-02
5.495829302490068180e+00 9.815140158566153517e-01 1.228215862944859876e-02
5.508496876123646580e+00 9.816095659457517719e-01 1.222732153374317225e-02
5.521193647793214865e+00 9.816965189223963995e-01 1.218518772019735671e-02
5.533919684798581429e+00 9.817739222558860002e-01 1.215422759890919836e-02
5.546675054594679466e+00 9.818415180519637353e-01 1.213267746705076755e-02
5.559459824791923133e+00 9.818990428216287647e-01 1.211893147751931868e-02
5.572274063156561930e+00 9.819447889675742003e-01 1.211008122447199478e-02
5.585117837611038638e+00 9.819811030505323224e-01 1.210385237059485170e-02
5.597991216234368572e+00 9.820073918919196565e-01 1.209792219293552573e-02
5.610894267262471757e+00 9.820233303678310710e-01 1.209040667347438709e-02
5.623827059088551295e+00 9.820288846274738415e-01 1.207920572411659392e-02
5.636789660263453072e+00 9.820246104185141878e-01 1.206248342547417904e-02
5.649782139496028144e+00 9.820108050047059445e-01 1.204039104969597748e-02
5.662804565653499544e+00 9.819880292502876085e-01 1.201252169144408945e-02
5.675857007761822892e+00 9.819569170239182965e-01 1.197932557911314186e-02
5.688939535006056758e+00 9.819181848833136161e-01 1.194173151112241232e-02
5.702052216730725931e+00 9.818716740449485725e-01 1.190081201030999958e-02
5.715195122440191788e+00 9.818197742526451055e-01 1.185802291704748067e-02
5.728368321799018226e+00 9.817617329038845764e-01 1.181506396745819580e-02
5.741571884632342027e+00 9.817018525576095556e-01 1.177600980264719051e-02
5.754805880926242345e+00 9.816358335366404120e-01 1.173805858978967977e-02
5.768070380828108412e+00 9.815662008493429846e-01 1.170450527427426522e-02
5.781365454647030333e+00 9.814945842418830724e-01 1.167698589162941003e-02
5.794691172854142813e+00 9.814211614580805598e-01 1.165732970759926317e-02
5.808047606083012404e+00 9.813476275843888708e-01 1.164545108298001980e-02
5.821434825130017643e+00 9.812733821323372796e-01 1.164278157595748098e-02
5.834852900954716759e+00 9.811997962992041744e-01 1.164835355154366335e-02
5.848301904680224261e+00 9.811273067200028120e-01 1.166352189770726751e-02
5.861781907593591079e+00 9.810562716681924256e-01 1.168684510849245760e-02
5.875292981146175819e+00 9.809872655621931781e-01 1.171824615966664609e-02
5.888835196954041784e+00 9.809208169391325782e-01 1.175787555161490923e-02
5.902408626798310465e+00 9.808564173276795861e-01 1.180491587772413385e-02
5.916013342625556781e+00 9.807969425634814886e-01 1.185748572054751149e-02
5.929649416548193663e+00 9.807389974829121559e-01 1.191628079678099146e-02
5.943316920844841533e+00 9.806834717525931833e-01 1.198213808575625434e-02
5.957015927960726209e+00 9.806309676054822955e-01 1.205382909164143777e-02
5.970746510508050164e+00 9.805810874458543713e-01 1.212962721535750139e-02
5.984508741266385989e+00 9.805337875291121330e-01 1.221040750725995404e-02
5.998302693183058310e+00 9.804890748049210902e-01 1.229492734716923844e-02
6.012128439373530142e+00 9.804468104005665818e-01 1.238302567340322964e-02
6.025986053121793695e+00 9.804059052530301743e-01 1.247386341984899581e-02
6.039875607880754949e+00 9.803673677558865096e-01 1.256724463420290372e-02
6.053797177272624452e+00 9.803296629260097594e-01 1.266154462665679270e-02
6.067750835089301908e+00 9.802929950973831019e-01 1.275747958081885867e-02
6.081736655292792726e+00 9.802578609597208947e-01 1.285150794859410764e-02
6.095754712015560628e+00 9.802225380628938334e-01 1.294519105964641106e-02
6.109805079560946872e+00 9.801872496361988540e-01 1.303959878228559341e-02
6.123887832403558384e+00 9.801513933467386197e-01 1.313231886571254205e-02
6.138003045189661222e+00 9.801148193865885094e-01 1.322249904419529713e-02
6.152150792737576701e+00 9.800778928596081130e-01 1.331083795240869776e-02
6.166331150038079301e+00 9.800396297749003338e-01 1.339533830868748672e-02
6.180544192254792790e+00 9.800004463655294096e-01 1.347649751267995105e-02
6.194789994724578364e+00 9.799602134591576252e-01 1.355471548416442053e-02
6.209068632957971623e+00 9.799190963888917416e-01 1.362930565534955889e-02
6.223380182639526303e+00 9.798764112440642160e-01 1.370110608036110254e-02
6.237724719628261916e+00 9.798324633566913855e-01 1.376964716004820503e-02
6.252102319958039445e+00 9.797893426534656225e-01 1.383349851324711111e-02
6.266513059837978794e+00 9.797433754556221785e-01 1.389681358965597427e-02
6.280957015652856690e+00 9.796968826476500913e-01 1.395790753713401638e-02
6.295434263963512578e+00 9.796496169289204969e-01 1.401750706851333066e-02
6.309944881507251857e+00 9.796022306661709145e-01 1.407625565933280816e-02
6.324488945198257994e+00 9.795544304339648400e-01 1.413307784591162977e-02
6.339066532127996645e+00 9.795071763669132014e-01 1.418863940869434515e-02
6.353677719565624216e+00 9.794602694494184414e-01 1.424337574822867776e-02
6.368322584958397314e+00 9.794141980153505678e-01 1.429815660766400355e-02
6.383001205932078648e+00 9.793684463822042163e-01 1.435168115830997432e-02
6.397713660291374005e+00 9.793245549813803796e-01 1.440463316935423378e-02
6.412460026020305293e+00 9.792821581482086257e-01 1.445717848608293887e-02
6.427240381282646631e+00 9.792426509705368654e-01 1.450738214564798942e-02
6.442054804422339132e+00 9.792037340684034419e-01 1.455773634771298855e-02
6.456903373963898574e+00 9.791669586066420461e-01 1.460751227423765473e-02
6.471786168612839063e+00 9.791324966346718339e-01 1.465631011966532678e-02
6.486703267256083372e+00 9.791003434654874660e-01 1.470335256147560152e-02
6.501654748962386599e+00 9.790710799186268520e-01 1.474905801484436250e-02
6.516640692982742955e+00 9.790439894654962005e-01 1.479344992367977001e-02
6.531661178750837848e+00 9.790193523104571138e-01 1.483573623614275333e-02
6.546716285883427133e+00 9.789975986981681588e-01 1.487571133260051290e-02
6.561806094180785642e+00 9.789780672668533246e-01 1.491458975987343567e-02
6.576930683627120189e+00 9.789607365889395618e-01 1.495014944011222036e-02
6.592090134391000333e+00 9.789459724844233879e-01 1.498306528217884827e-02
6.607284526825777604e+00 9.789333905797320545e-01 1.501415495561563528e-02
6.622513941470015375e+00 9.789220353050366308e-01 1.504272492148227627e-02
6.637778459047910751e+00 9.789121211810372092e-01 1.506888576853469310e-02
6.653078160469727109e+00 9.789037635251132130e-01 1.509296522217862431e-02
6.668413126832222204e+00 9.788967134923021174e-01 1.511375675302719691e-02
6.683783439419078043e+00 9.788902729299590044e-01 1.513259953603945246e-02
6.699189179701327213e+00 9.788841800329818321e-01 1.514929083042373253e-02
6.714630429337789863e+00 9.788782043504276054e-01 1.516314111286228526e-02
6.730107270175500034e+00 9.788722650510720547e-01 1.517528303116870078e-02
6.745619784250164841e+00 9.788659603037285217e-01 1.518568236925389899e-02
6.761168053786556165e+00 9.788596294590233837e-01 1.519441375267632614e-02
6.776752161198977831e+00 9.788516933878582682e-01 1.520104855827270063e-02
6.792372189091693713e+00 9.788425987838378362e-01 1.520679343010817967e-02
6.808028220259366492e+00 9.788326462853682575e-01 1.521177432281690077e-02
6.823720337687492865e+00 9.788207737298502131e-01 1.521644509848346996e-02
6.839448624552850298e+00 9.788073048004775067e-01 1.521959233197437387e-02
6.855213164223925126e+00 9.787919906669594328e-01 1.522342371644802746e-02
6.871014040261385070e+00 9.787748326836779311e-01 1.522681542466474726e-02
6.886851336418478020e+00 9.787554788479093659e-01 1.523050556290925055e-02
6.902725136641505443e+00 9.787342239586679371e-01 1.523384241231605200e-02
6.918635525070262915e+00 9.787104169610020277e-01 1.523742054010806916e-02
6.934582586038479768e+00 9.786854151094704912e-01 1.524133065885568787e-02
6.950566404074271176e+00 9.786577949258637998e-01 1.524591117796722343e-02
6.966587063900585797e+00 9.786279809577864697e-01 1.525011197598633537e-02
6.982644650435653411e+00 9.785964574846741648e-01 1.525482298981195931e-02
6.998739248793436118e+00 9.785628519082628651e-01 1.525934328806970164e-02
7.014870944284075982e+00 9.785281548910990113e-01 1.526445465495500017e-02
7.031039822414353324e+00 9.784912157338875316e-01 1.526954563340927711e-02
7.047245968888135259e+00 9.784533290743232525e-01 1.527445737120602075e-02
7.063489469606831328e+00 9.784142256239561908e-01 1.527999440439132064e-02
7.079770410669842917e+00 9.783739857084365887e-01 1.528565161595536910e-02
7.096088878375045539e+00 9.783344862007600229e-01 1.529178884567101993e-02
7.112444959219206275e+00 9.782920344926537837e-01 1.529891960305395163e-02
7.128838739898467836e+00 9.782499579849340821e-01 1.530719783110787505e-02
7.145270307308805080e+00 9.782073821839238903e-01 1.531763318696604745e-02
7.161739748546480655e+00 9.781645966677485760e-01 1.532906508903673914e-02
7.178247150908510399e+00 9.781220074076383275e-01 1.534295054870507546e-02
7.194792601893126083e+00 9.780793392350766169e-01 1.536083262543873514e-02
7.211376189200225717e+00 9.780374220666396834e-01 1.538101283104449310e-02
7.227998000731879813e+00 9.779958381982188920e-01 1.540577032881662416e-02
7.244658124592739945e+00 9.779549412509954687e-01 1.543478738809372572e-02
7.261356649090544124e+00 9.779141440805867447e-01 1.546917017846586272e-02
7.278093662736574210e+00 9.778756588948360751e-01 1.550638120149444056e-02
7.294869254246125756e+00 9.778370086655167048e-01 1.555040413131229642e-02
7.311683512538977858e+00 9.777991673715785703e-01 1.559996302905372265e-02
7.328536526739863888e+00 9.777620359019870699e-01 1.565425077580458180e-02
7.345428386178945779e+00 9.777261003890245217e-01 1.571369888088968922e-02
7.362359180392284763e+00 9.776907198250106568e-01 1.577775565441270553e-02
7.379328999122319210e+00 9.776567072018331750e-01 1.584605518895003395e-02
7.396337932318339803e+00 9.776237095760482720e-01 1.591703158041741714e-02
7.413386070136961159e+00 9.775918164667397603e-01 1.599083322559849418e-02
7.430473502942608555e+00 9.775605830889191328e-01 1.606621278547343962e-02
7.447600321307981552e+00 9.775304394859071211e-01 1.613991333809230641e-02
7.464766616014566480e+00 9.775012874963290299e-01 1.621521452822444545e-02
7.481972478053076081e+00 9.774725807322419691e-01 1.628881333347752258e-02
7.499217998623956660e+00 9.774446026244851815e-01 1.635983149334784004e-02
7.516503269137869481e+00 9.774169948783506534e-01 1.642656799519370478e-02
7.533828381216167713e+00 9.773904982239405292e-01 1.648842207146692523e-02
7.551193426691390265e+00 9.773645141583332530e-01 1.654395723777216456e-02
7.568598497607742281e+00 9.773391576422114646e-01 1.659250232132052777e-02
7.586043686221580096e+00 9.773142994649984816e-01 1.663259785620874870e-02
7.603529085001927257e+00 9.772902650979979899e-01 1.666420575674338461e-02
7.621054786630920397e+00 9.772668189606419364e-01 1.668609516612749519e-02
7.638620884004330591e+00 9.772437028016837113e-01 1.669916157375817001e-02
7.656227470232050081e+00 9.772211724814888756e-01 1.670197940452348984e-02
7.673874638638580770e+00 9.771991226879771508e-01 1.669485518715752709e-02
7.691562482763536934e+00 9.771773625210667946e-01 1.667761682082428629e-02
7.709291096362131057e+00 9.771564039187694561e-01 1.665035060629588282e-02
7.727060573405679200e+00 9.771363320231780669e-01 1.661321097735224406e-02
7.744871008082095720e+00 9.771165933243531887e-01 1.656680356728364861e-02
7.762722494796393313e+00 9.770978460055508297e-01 1.651230554754069130e-02
7.780615128171181283e+00 9.770802340313751166e-01 1.645202572907554506e-02
7.798549003047168249e+00 9.770635481637895969e-01 1.638338719177569527e-02
7.816524214483668409e+00 9.770473282069643828e-01 1.630824602602213430e-02
7.834540857759090926e+00 9.770319673137924932e-01 1.622864921583250242e-02
7.852599028371481715e+00 9.770181207233236131e-01 1.614568257378094090e-02
7.870698822038979969e+00 9.770048875305047398e-01 1.605950561801686854e-02
7.888840334700359058e+00 9.769934251176374262e-01 1.597165317385529359e-02
7.907023662515523021e+00 9.769835722908259967e-01 1.588318646795892908e-02
7.925248901866020823e+00 9.769747060192126575e-01 1.579564787393477124e-02
7.943516149355556166e+00 9.769672451551930648e-01 1.570891511899197984e-02
7.961825501810496419e+00 9.769612275547516766e-01 1.562688545690567310e-02
7.980177056280383319e+00 9.769573047522837062e-01 1.554527437076190857e-02
7.998570910038472093e+00 9.769545929089957781e-01 1.546708941011047667e-02
8.017007160582208414e+00 9.769536947626923373e-01 1.539329731780040081e-02
8.035485905633766635e+00 9.769545627515650033e-01 1.532365247064804495e-02
8.054007243140571148e+00 9.769568521729419253e-01 1.525874795360297742e-02
8.072571271275801763e+00 9.769610999632978299e-01 1.519846522237479174e-02
8.091178088438930160e+00 9.769672359232813852e-01 1.514324288998357762e-02
8.109827793256227935e+00 9.769748161793745389e-01 1.509247901508835310e-02
8.128520484581297723e+00 9.769841995863930428e-01 1.504781227262086407e-02
8.147256261495590124e+00 9.769949822303968245e-01 1.500557974533032850e-02
8.166035223308936608e+00 9.770078436712036352e-01 1.496797847100038784e-02
8.184857469560069987e+00 9.770224446985473765e-01 1.493370742337702707e-02
8.203723100017153769e+00 9.770380613033488038e-01 1.490344916065888467e-02
8.222632214678316842e+00 9.770553400670328736e-01 1.487604355053655930e-02
8.241584913772159737e+00 9.770742339702864765e-01 1.485203437752541898e-02
8.260581297758339048e+00 9.770939033842762633e-01 1.482977128193351674e-02
8.279621467328036388e+00 9.771149487553678625e-01 1.481052411417008510e-02
8.298705523404525053e+00 9.771368463212291022e-01 1.479357148187649892e-02
8.317833567143708251e+00 9.771603576853817863e-01 1.477883801196118105e-02
8.337005699934641356e+00 9.771847680776979406e-01 1.476591737443454407e-02
8.356222023400080801e+00 9.772092768976072819e-01 1.475468252014057804e-02
8.375482639397011653e+00 9.772349274312158718e-01 1.474567561092153707e-02
8.394787650017194736e+00 9.772610668666886768e-01 1.473927973548481637e-02
8.414137157587720850e+00 9.772875035750324679e-01 1.473409804793584035e-02
8.433531264671518812e+00 9.773145656453776642e-01 1.473121387242029567e-02
8.452970074067929218e+00 9.773417698798273490e-01 1.473078117032018339e-02
8.472453688813237349e+00 9.773680103692722332e-01 1.473258816278362297e-02
8.491982212181222067e+00 9.773955768758351148e-01 1.473633268002758415e-02
8.511555747683697604e+00 9.774221724719887039e-01 1.474250395095333052e-02
8.531174399071076664e+00 9.774495991987609544e-01 1.475111456333886260e-02
8.550838270332903335e+00 9.774763956361216533e-01 1.476117192986376933e-02
8.570547465698410861e+00 9.775027016490902554e-01 1.477388346015050778e-02
8.590302089637079419e+00 9.775283361195162835e-01 1.478833562558116294e-02
8.610102246859186792e+00 9.775539261044592365e-01 1.480391116346867902e-02
8.629948042316355483e+00 9.775784853415491193e-01 1.482070064245891508e-02
8.649839581202119376e+00 9.776027892566072630e-01 1.483847446119596243e-02
8.669776968952467300e+00 9.776269225311347011e-01 1.485723470538614747e-02
8.689760311246439883e+00 9.776496023216215692e-01 1.487639500487298976e-02
8.709789714006635819e+00 9.776719783425403820e-01 1.489531174599099776e-02
8.729865283399806941e+00 9.776937133546996783e-01 1.491385535619570331e-02
8.749987125837414226e+00 9.777146862675598626e-01 1.493203801182536351e-02
8.770155347976189120e+00 9.777348762213995403e-01 1.494905879359838090e-02
8.790370056718703751e+00 9.777539321470761768e-01 1.496468535696179186e-02
8.810631359213932257e+00 9.777726138446521942e-01 1.497870377365042617e-02
8.830939362857819219e+00 9.777906743862543326e-01 1.499086717702684778e-02
8.851294175293849875e+00 9.778078418774640568e-01 1.500165985018618933e-02
8.871695904413638090e+00 9.778240866780243401e-01 1.501048262232887627e-02
8.892144658357461040e+00 9.778394870752034063e-01 1.501751588695710363e-02
8.912640545514863177e+00 9.778547832768106352e-01 1.502174178212863087e-02
8.933183674525214002e+00 9.778689285721671176e-01 1.502457504315599969e-02
8.953774154278301367e+00 9.778824983626615008e-01 1.502537192632717906e-02
8.974412093914883926e+00 9.778949315664162700e-01 1.502504669005926864e-02
8.995097602827293315e+00 9.779068585616964571e-01 1.502286869989579235e-02
9.015830790660004368e+00 9.779181430883521209e-01 1.501955467478221021e-02
9.036611767310210652e+00 9.779287398707281476e-01 1.501492398724948649e-02
9.057440642928417773e+00 9.779385438627324900e-01 1.500936492585524563e-02
9.078317527919018914e+00 9.779475981796950101e-01 1.500373591679795421e-02
9.099242532940884587e+00 9.779560281495029983e-01 1.499815590846335055e-02
9.120215768907938170e+00 9.779632933845011644e-01 1.499119296598400847e-02
9.141237346989777635e+00 9.779695624489961325e-01 1.498534159100613390e-02
9.162307378612220887e+00 9.779750200366723600e-01 1.497941185737137158e-02
9.183425975457916834e+00 9.779801100867072661e-01 1.497398543986440053e-02
9.204593249466942240e+00 9.779837832443492029e-01 1.496895330658380360e-02
9.225809312837382592e+00 9.779863809312833167e-01 1.496469854730303646e-02
9.247074278025943173e+00 9.779883177136022843e-01 1.496093008634592596e-02
9.268388257748529924e+00 9.779886734638032486e-01 1.495822095208755066e-02
9.289751364980849857e+00 9.779879136310591914e-01 1.495618579486117199e-02
9.311163712959007910e+00 9.779858523113174051e-01 1.495531617896458769e-02
9.332625415180141104e+00 9.779819707364584280e-01 1.495441084704307415e-02
9.354136585402955006e+00 9.779771752032435650e-01 1.495461888583397674e-02
9.375697337648382756e+00 9.779705210649402014e-01 1.495528841641255088e-02
9.397307786200157054e+00 9.779623995267463510e-01 1.495707096463773020e-02
9.418968045605440764e+00 9.779524423347796258e-01 1.495973257415423967e-02
9.440678230675411342e+00 9.779402930615950229e-01 1.496241454463621834e-02
9.462438456485886107e+00 9.779264201744216622e-01 1.496605205445471903e-02
9.484248838377920876e+00 9.779110451930453918e-01 1.497031337666424045e-02
9.506109491958426361e+00 9.778934920900348438e-01 1.497547177615423872e-02
9.528020533100786338e+00 9.778733287824619147e-01 1.498157052533152962e-02
9.549982077945458059e+00 9.778510891486068557e-01 1.498905814038121488e-02
9.571994242900604632e+00 9.778264180835981589e-01 1.499762976542755831e-02
9.594057144642693657e+00 9.777993917436905713e-01 1.500751759303634372e-02
9.616170900117122500e+00 9.777696794465078334e-01 1.501872755901703139e-02
9.638335626538868439e+00 9.777382741850887404e-01 1.503188517868015057e-02
9.660551441393051775e+00 9.777038676937706008e-01 1.504748819793614266e-02
9.682818462435605511e+00 9.776666172121898368e-01 1.506523496141086438e-02
9.705136807693872214e+00 9.776265405901679584e-01 1.508541241098624100e-02
9.727506595467250605e+00 9.775842433905823636e-01 1.510886310416228312e-02
9.749927944327808405e+00 9.775392528693740424e-01 1.513510138339090386e-02
9.772400973120912937e+00 9.774918178591337492e-01 1.516470971432277472e-02
9.794925800965861740e+00 9.774412589377141636e-01 1.519748312210336509e-02
9.817502547256536261e+00 9.773895768802826067e-01 1.523318131368387590e-02
9.840131331661989833e+00 9.773337927152341287e-01 1.527273147729964198e-02
9.862812274127110257e+00 9.772756922388776690e-01 1.531607455806371226e-02
9.885545494873262840e+00 9.772156609977450392e-01 1.536339141590867957e-02
9.908331114398901462e+00 9.771527432993626361e-01 1.541381191594309863e-02
9.931169253480232939e+00 9.770873906176466006e-01 1.546801227117024571e-02
9.954060033171842292e+00 9.770201138971675858e-01 1.552534097138780385e-02
9.977003574807339348e+00 9.769511903480203596e-01 1.558539480853416044e-02
1.000000000000000000e+01 9.768804944444436922e-01 1.564797384024230534e-02
