1.000000000000000000e+00 9.985305640576354058e-01 1.096454380225756657e-03
1.002307548283865257e+00 9.985454724369736690e-01 1.092572157841252643e-03
1.004620421346813064e+00 9.985653516363908189e-01 1.087351937090760747e-03
1.006938631476027135e+00 9.985708993201306560e-01 1.096433802636186420e-03
1.009262190987047392e+00 9.985553042965328308e-01 1.121349762947111955e-03
1.011591112223829692e+00 9.985273409355575058e-01 1.143228608987962528e-03
1.013925407558815328e+00 9.985012901609967573e-01 1.149463643111544794e-03
1.016265089392995202e+00 9.984845891823624919e-01 1.140076986559690562e-03
1.018610170155975325e+00 9.984743293171244316e-01 1.125422101263349973e-03
1.020960662306046540e+00 9.984636612085050489e-01 1.120322632660293929e-03
1.023316578330244919e+00 9.984499484488815746e-01 1.122047781065525123e-03
1.025677930744421928e+00 9.984367526475480537e-01 1.117301823538830894e-03
1.028044732093309710e+00 9.984294413500272025e-01 1.106863633682543101e-03
1.030416994950587473e+00 9.984303795390555569e-01 1.099633654293176313e-03
1.032794731918951436e+00 9.984384321064763146e-01 1.106651162821612258e-03
1.035177955630176339e+00 9.984516447294741193e-01 1.133941274494062535e-03
1.037566678745186044e+00 9.984686835556110251e-01 1.159751514125142080e-03
1.039960913954120381e+00 9.984872001976590195e-01 1.161284852301403773e-03
1.042360673976401086e+00 9.985019936186513290e-01 1.157149831080415319e-03
1.044765971560804196e+00 9.985067225121757595e-01 1.172903865722390790e-03
1.047176819485520438e+00 9.984987726202425584e-01 1.195053701365211742e-03
1.049593230558227841e+00 9.984824957183164873e-01 1.201729373657900099e-03
1.052015217616159237e+00 9.984667033327319086e-01 1.189817985267370426e-03
1.054442793526168654e+00 9.984578046344890767e-01 1.162305842051071427e-03
1.056875971184803920e+00 9.984546655030669404e-01 1.133750099707641224e-03
1.059314763518369951e+00 9.984500369392190766e-01 1.132957443424430178e-03
1.061759183483000024e+00 9.984372088164035208e-01 1.165752958572540939e-03
1.064209244064724613e+00 9.984155459737741323e-01 1.204000920082060663e-03
1.066664958279538666e+00 9.983898227495816569e-01 1.225149899854154328e-03
1.069126339173475992e+00 9.983645508456270301e-01 1.234264047146937937e-03
1.071593399822671211e+00 9.983394731329156002e-01 1.253765924066320425e-03
1.074066153333433471e+00 9.983110529521336263e-01 1.299360989560506942e-03
1.076544612842315951e+00 9.982784704317030355e-01 1.358529275270408711e-03
1.079028791516183583e+00 9.982477199431504244e-01 1.401377000823328259e-03
1.081518702552288103e+00 9.982289263155695869e-01 1.411155131932847551e-03
1.084014359178331111e+00 9.982286222525951214e-01 1.391044579637438876e-03
1.086515774652538235e+00 9.982439924728758740e-01 1.352889258804302773e-03
1.089022962263730410e+00 9.982647113081294377e-01 1.314966252058400722e-03
1.091535935331391149e+00 9.982810737344420815e-01 1.293788038475832689e-03
1.094054707205742494e+00 9.982911542827086482e-01 1.283850222396054706e-03
1.096579291267809841e+00 9.983004645968229784e-01 1.268499351535279157e-03
1.099109700929497224e+00 9.983144955589696723e-01 1.249109820045038585e-03
1.101645949633657029e+00 9.983312471612755257e-01 1.236521556853862691e-03
1.104188050854160164e+00 9.983410621906670945e-01 1.230769337808878140e-03
1.106736018095973328e+00 9.983344403548332080e-01 1.235493319683035954e-03
1.109289864895222744e+00 9.983110130109605906e-01 1.264703088809225433e-03
1.111849604819270976e+00 9.982813880472012347e-01 1.314244814186656032e-03
1.114415251466787993e+00 9.982596222840268707e-01 1.356877321668408746e-03
1.116986818467822662e+00 9.982523556366359463e-01 1.375327998490541740e-03
1.119564319483878245e+00 9.982537925652806843e-01 1.380703654824625348e-03
1.122147768207980345e+00 9.982508729404283576e-01 1.395806808274432714e-03
1.124737178364751955e+00 9.982342955647169891e-01 1.423761001109978596e-03
1.127332563710487179e+00 9.982060672418729963e-01 1.443383308070621002e-03
1.129933938033221619e+00 9.981772627573587409e-01 1.441148560066564258e-03
1.132541315152811423e+00 9.981580854985516726e-01 1.429497440317824795e-03
1.135154708920999012e+00 9.981488888398132309e-01 1.424857279292530152e-03
1.137774133221491457e+00 9.981399520616198728e-01 1.430422134376226062e-03
1.140399601970033094e+00 9.981202772101915865e-01 1.450392518202112515e-03
1.143031129114478794e+00 9.980879028475235781e-01 1.488163788593553551e-03
1.145668728634871458e+00 9.980527930417828486e-01 1.524779986449423860e-03
1.148312414543511073e+00 9.980294719704793094e-01 1.533981428422815036e-03
1.150962200885032427e+00 9.980251479498883915e-01 1.516432598021390504e-03
1.153618101736478607e+00 9.980330072872333202e-01 1.495829729888981888e-03
1.156280131207375383e+00 9.980364103865632108e-01 1.487364323684740386e-03
1.158948303439810701e+00 9.980210824404893710e-01 1.487933013506609337e-03
1.161622632608501737e+00 9.979860019664558157e-01 1.492873013515878984e-03
1.164303132920876838e+00 9.979446100417952437e-01 1.508500362250378641e-03
1.166989818617147456e+00 9.979153889599462479e-01 1.546003050633597796e-03
1.169682703970384541e+00 9.979089142724084649e-01 1.600041746358269856e-03
1.172381803286598689e+00 9.979209607276954275e-01 1.640471177736034340e-03
1.175087130904807431e+00 9.979364238721960545e-01 1.640835258402939013e-03
1.177798701197119380e+00 9.979406263341964456e-01 1.610116174950749612e-03
1.180516528568805512e+00 9.979293280874018679e-01 1.582289317891744139e-03
1.183240627458377991e+00 9.979102477315490161e-01 1.576057569399100201e-03
1.185971012337669439e+00 9.978956531175743327e-01 1.583572181124555346e-03
1.188707697711903322e+00 9.978922466058880447e-01 1.595249063537618498e-03
1.191450698119776108e+00 9.978961702223775321e-01 1.609688123713943564e-03
1.194200028133532543e+00 9.978965890801352323e-01 1.624646864348008738e-03
1.196955702359042695e+00 9.978845963228525351e-01 1.639029258123531627e-03
1.199717735435884336e+00 9.978602893095529502e-01 1.658485088756132993e-03
1.202486142037412220e+00 9.978325717931575412e-01 1.685857411722255705e-03
1.205260936870842681e+00 9.978119948115649063e-01 1.711530981805812167e-03
1.208042134677328905e+00 9.978022750341938307e-01 1.720304128784273801e-03
1.210829750232039537e+00 9.977970668749656102e-01 1.703521633072583447e-03
1.213623798344240390e+00 9.977845648594403372e-01 1.665502920815422954e-03
1.216424293857367944e+00 9.977566645528819222e-01 1.624313155200340269e-03
1.219231251649110614e+00 9.977160237972839685e-01 1.602403327526527024e-03
1.222044686631488686e+00 9.976758152428957249e-01 1.609403413619760106e-03
1.224864613750930697e+00 9.976520896248137760e-01 1.636822990873341727e-03
1.227691047988359152e+00 9.976537827749294429e-01 1.668577943818583265e-03
1.230524004359261570e+00 9.976769740968289835e-01 1.689006032840645192e-03
1.233363497913775975e+00 9.977071037497543537e-01 1.687891365954650221e-03
1.236209543736769056e+00 9.977276122523203172e-01 1.670199496206985256e-03
1.239062156947915661e+00 9.977294463029582339e-01 1.655943341630964185e-03
1.241921352701783388e+00 9.977156082096856338e-01 1.660012112548416106e-03
1.244787146187906091e+00 9.976983265209423690e-01 1.679054427261920425e-03
1.247659552630869806e+00 9.976910671327917646e-01 1.704955513249640890e-03
1.250538587290391357e+00 9.977004964765210371e-01 1.734846688154728254e-03
1.253424265461399401e+00 9.977230499726443824e-01 1.760533862966910277e-03
1.256316602474120137e+00 9.977475910445646745e-01 1.766999306140668588e-03
1.259215613694151026e+00 9.977619865381172071e-01 1.750919204209196514e-03
1.262121314522547388e+00 9.977594981613472358e-01 1.728103157601660819e-03
1.265033720395903893e+00 9.977415691264162056e-01 1.715875867702983202e-03
1.267952846786433829e+00 9.977160676882830259e-01 1.717247244978531255e-03
1.270878709202058143e+00 9.976926139363638812e-01 1.725661998350375322e-03
1.273811323186478273e+00 9.976778147205399572e-01 1.732545342786812005e-03
1.276750704319265628e+00 9.976726950086088896e-01 1.728041441281764640e-03
1.279696868215941530e+00 9.976730426457288692e-01 1.708971140008287400e-03
1.282649830528060031e+00 9.976718852243903202e-01 1.690924142032562477e-03
1.285609606943295180e+00 9.976626456683304056e-01 1.700618376080356188e-03
1.288576213185518071e+00 9.976417220689001164e-01 1.746912937464827325e-03
1.291549665014884107e+00 9.976098371632245998e-01 1.807292084942602487e-03
1.294529978227916045e+00 9.975720014170534888e-01 1.849672516302464879e-03
1.297517168657586817e+00 9.975361647132853227e-01 1.860004721065926323e-03
1.300511252173408572e+00 9.975107734614205857e-01 1.848041352158696872e-03
1.303512244681508836e+00 9.975017384594004888e-01 1.832288655764888414e-03
1.306520162124721329e+00 9.975097453470321840e-01 1.821710240371779595e-03
1.309535020482667678e+00 9.975290946196606612e-01 1.812172310020097833e-03
1.312556835771842678e+00 9.975489692364131189e-01 1.796624986479726169e-03
1.315585624045703783e+00 9.975571007089270026e-01 1.773791897764021366e-03
1.318621401394748593e+00 9.975445966797984454e-01 1.750139547728907534e-03
1.321664183946605231e+00 9.975098645139148790e-01 1.738563168826473462e-03
1.324713987866117604e+00 9.974596851638918293e-01 1.750598336926819905e-03
1.327770829355428894e+00 9.974066522753506359e-01 1.783417075886197748e-03
1.330834724654074819e+00 9.973638920379280792e-01 1.820271640370688809e-03
1.333905690039058678e+00 9.973393647656072503e-01 1.849871502342441409e-03
1.336983741824946392e+00 9.973323752430280908e-01 1.878831113208081442e-03
1.340068896363950657e+00 9.973339686898070600e-01 1.919200479026590559e-03
1.343161170046015318e+00 9.973311022887988431e-01 1.969937567097272517e-03
1.346260579298909743e+00 9.973127261647692920e-01 2.019171295519603306e-03
1.349367140588306535e+00 9.972750275599140402e-01 2.059449564711414871e-03
1.352480870417875458e+00 9.972234875472320015e-01 2.092293226247598191e-03
1.355601785329368925e+00 9.971708493242895655e-01 2.121332377521655942e-03
1.358729901902709036e+00 9.971319001666724136e-01 2.146845698105894797e-03
1.361865236756081510e+00 9.971173078109742960e-01 2.164171939438670842e-03
1.365007806546013835e+00 9.971290753250530159e-01 2.163835464581092150e-03
1.368157627967471868e+00 9.971594218529574727e-01 2.138042918044212419e-03
1.371314717753945533e+00 9.971934572059053536e-01 2.092474155729785821e-03
1.374479092677536762e+00 9.972145320975088767e-01 2.048487140913777919e-03
1.377650769549053633e+00 9.972101959546709748e-01 2.026877671742307891e-03
1.380829765218092309e+00 9.971765868623455598e-01 2.029710076050930418e-03
1.384016096573131627e+00 9.971197662119254401e-01 2.042763399524108198e-03
1.387209780541621029e+00 9.970536654190144121e-01 2.051736486303289489e-03
1.390410834090069603e+00 9.969954846323304531e-01 2.051240787040627296e-03
1.393619274224142224e+00 9.969601764727759052e-01 2.044406265544948358e-03
1.396835117988739716e+00 9.969558385874442985e-01 2.040171856216520339e-03
1.400058382468097440e+00 9.969814238870210454e-01 2.047447549182632946e-03
1.403289084785873220e+00 9.970273450141183824e-01 2.066923819932995222e-03
1.406527242105236386e+00 9.970786000906118884e-01 2.090638129079671562e-03
1.409772871628966140e+00 9.971192900325172026e-01 2.111318064291514435e-03
1.413025990599533710e+00 9.971370574091555916e-01 2.128513434765393671e-03
1.416286616299198942e+00 9.971261267112736526e-01 2.145247665104000386e-03
1.419554766050101557e+00 9.970881761611698479e-01 2.164424224042803269e-03
1.422830457214351974e+00 9.970310089893872352e-01 2.190188505509694898e-03
1.426113707194128333e+00 9.969656620642507461e-01 2.226127455972910091e-03
1.429404533431761104e+00 9.969029848745885047e-01 2.268579520289399840e-03
1.432702953409831004e+00 9.968507500867951343e-01 2.307978801877962928e-03
1.436008984651260478e+00 9.968120592915600264e-01 2.340848210003398325e-03
1.439322644719406519e+00 9.967853250621753203e-01 2.374268173885440460e-03
1.442643951218157250e+00 9.967656186774174198e-01 2.412694870024421814e-03
1.445972921792019639e+00 9.967468162211432503e-01 2.445895910275440975e-03
1.449309574126216527e+00 9.967238279005361523e-01 2.459446624098995688e-03
1.452653925946781222e+00 9.966942559877617347e-01 2.456253135684250116e-03
1.456005995020648536e+00 9.966590451661520023e-01 2.459515252152314879e-03
1.459365799155756038e+00 9.966219947149531633e-01 2.488834509889922050e-03
1.462733356201129986e+00 9.965883240896357131e-01 2.535933939778902031e-03
1.466108684046984578e+00 9.965627555118123926e-01 2.570395094031554736e-03
1.469491800624817213e+00 9.965477354469003402e-01 2.567406206469364984e-03
1.472882723907501745e+00 9.965424066431143313e-01 2.527539684738836466e-03
1.476281471909389520e+00 9.965427383549374518e-01 2.474939346870980942e-03
1.479688062686396188e+00 9.965428546727753689e-01 2.439188890839224990e-03
1.483102514336104294e+00 9.965371686553855524e-01 2.436004845939700961e-03
1.486524844997857198e+00 9.965225838414665249e-01 2.462746618029016017e-03
1.489955072852855222e+00 9.964999152915728908e-01 2.508529830524261137e-03
1.493393216124252021e+00 9.964738919754775326e-01 2.562174015437868393e-03
1.496839293077255606e+00 9.964515928286459268e-01 2.609746048947855779e-03
1.500293322019218278e+00 9.964397756881582247e-01 2.632381801528115191e-03
1.503755321299738323e+00 9.964420442469626993e-01 2.615082113954965599e-03
1.507225309310757044e+00 9.964569486495453710e-01 2.560279415796276256e-03
1.510703304486654242e+00 9.964778364540957112e-01 2.490613416948007398e-03
1.514189325304351907e+00 9.964946424933057711e-01 2.434253584482214735e-03
1.517683390283405265e+00 9.964970626434646039e-01 2.405092027244864084e-03
1.521185517986104685e+00 9.964779950096219752e-01 2.398892361928223627e-03
1.524695727017574720e+00 9.964359890356050409e-01 2.407353608245380808e-03
1.528214036025869360e+00 9.963757904423231615e-01 2.429552751342399508e-03
1.531740463702079724e+00 9.963067790104334076e-01 2.468318547201268833e-03
1.535275028780422657e+00 9.962398875527702646e-01 2.520882515242509146e-03
1.538817750038346199e+00 9.961841489174060316e-01 2.577497010730292297e-03
1.542368646296628842e+00 9.961441241097865884e-01 2.628111113152183619e-03
1.545927736419477005e+00 9.961190851512498057e-01 2.667797833689871875e-03
1.549495039314631617e+00 9.961041244858205301e-01 2.696281502535256055e-03
1.553070573933460041e+00 9.960926269924174070e-01 2.714671230159296234e-03
1.556654359271061994e+00 9.960790622687855089e-01 2.723999343630611764e-03
1.560246414366369683e+00 9.960610090151065243e-01 2.726419554957494780e-03
1.563846758302246176e+00 9.960397031295109560e-01 2.726065918845667260e-03
1.567455410205594868e+00 9.960190298507736184e-01 2.726583837691370134e-03
1.571072389247450518e+00 9.960034930426112654e-01 2.726797554850621166e-03
1.574697714643086721e+00 9.959960511703370711e-01 2.720337321131276707e-03
1.578331405652118047e+00 9.959966891418823298e-01 2.702365713619732292e-03
1.581973481578599738e+00 9.960022367483293282e-01 2.677692248948427590e-03
1.585623961771137180e+00 9.960074176389082101e-01 2.660194803720673188e-03
1.589282865622978047e+00 9.960066390240877032e-01 2.661167434202094291e-03
1.592950212572123103e+00 9.959957915931920702e-01 2.678417622786957199e-03
1.596626022101426789e+00 9.959733922328065647e-01 2.700111916633839409e-03
1.600310313738700252e+00 9.959407135131753686e-01 2.719793855773823630e-03
1.604003107056819921e+00 9.959009571643199221e-01 2.745114997386242060e-03
1.607704421673823658e+00 9.958578745461449389e-01 2.790798847819144033e-03
1.611414277253020000e+00 9.958143923994480229e-01 2.864141132436175477e-03
1.615132693503091410e+00 9.957717325921019436e-01 2.958579182855873482e-03
1.618859690178197530e+00 9.957292761235272405e-01 3.059407900700234113e-03
1.622595287078087090e+00 9.956851262411905434e-01 3.152167867636228912e-03
1.626339504048192275e+00 9.956370894450560227e-01 3.226582205007425073e-03
1.630092360979741306e+00 9.955836916522532443e-01 3.277916564612742920e-03
1.633853877809862132e+00 9.955248922473625139e-01 3.308428879508309908e-03
1.637624074521687456e+00 9.954623074940791572e-01 3.326639021043787531e-03
1.641402971144466427e+00 9.953989348823434336e-01 3.341845043272363529e-03
1.645190587753662337e+00 9.953385146625098878e-01 3.357517618381536048e-03
1.648986944471064753e+00 9.952847366688405417e-01 3.370758597493223041e-03
1.652792061464895657e+00 9.952404981167842779e-01 3.378847234321449757e-03
1.656605958949913360e+00 9.952073658938980216e-01 3.385336860082072911e-03
1.660428657187529522e+00 9.951853270807814456e-01 3.398679703319871463e-03
1.664260176485903742e+00 9.951728475371366400e-01 3.424792133317999723e-03
1.668100537200059019e+00 9.951672085078128172e-01 3.460977401754653047e-03
1.671949759731990115e+00 9.951650520528635413e-01 3.496114527604813390e-03
1.675807864530767022e+00 9.951630328700050709e-01 3.515815449214362148e-03
1.679674872092653315e+00 9.951584489909075515e-01 3.509319579756480997e-03
1.683550802961202297e+00 9.951497177164759789e-01 3.476291521033020825e-03
1.687435677727375571e+00 9.951365888964224249e-01 3.430698929410691891e-03
1.691329517029648732e+00 9.951200496194394507e-01 3.396496881115595133e-03
1.695232341554119504e+00 9.951019604752768810e-01 3.393220869312265145e-03
1.699144172034626088e+00 9.950845456384976861e-01 3.421163549796367356e-03
1.703065029252844420e+00 9.950699030379781540e-01 3.461603748257564579e-03
1.706994934038408074e+00 9.950596827385925769e-01 3.493116800986277408e-03
1.710933907269015286e+00 9.950550013823068474e-01 3.507213349744194453e-03
1.714881969870539313e+00 9.950565468356393772e-01 3.509055591552945157e-03
1.718839142817145449e+00 9.950647288219730546e-01 3.505472809792375445e-03
1.722805447131394052e+00 9.950796973512797683e-01 3.494780319023141520e-03
1.726780903884355789e+00 9.951011076818646606e-01 3.469673370134433027e-03
1.730765534195725985e+00 9.951276464320624182e-01 3.428975101644641393e-03
1.734759359233930764e+00 9.951564973831102945e-01 3.384421155637749954e-03
1.738762400216250503e+00 9.951830444143781040e-01 3.354814378585552898e-03
1.742774678408919087e+00 9.952011166728962355e-01 3.353258838679099279e-03
1.746796215127245588e+00 9.952039481405947630e-01 3.380033245651086014e-03
1.750827031735725070e+00 9.951857760793124674e-01 3.426386633298913326e-03
1.754867149648150271e+00 9.951437191796600468e-01 3.482090261162688449e-03
1.758916590327732621e+00 9.950793640341174529e-01 3.538377304637485479e-03
1.762975375287205715e+00 9.949994450823971270e-01 3.586767300115146530e-03
1.767043526088946770e+00 9.949151762072093730e-01 3.619252515985454770e-03
1.771121064345088536e+00 9.948401552458338015e-01 3.631587864861812731e-03
1.775208011717634315e+00 9.947872159471967679e-01 3.626079395743906763e-03
1.779304389918577201e+00 9.947650001939903897e-01 3.610285210962297948e-03
1.783410220710008209e+00 9.947752235233694451e-01 3.592551641193300963e-03
1.787525525904235524e+00 9.948115187303986362e-01 3.578648629902264275e-03
1.791650327363901507e+00 9.948603639937222409e-01 3.572155106558013316e-03
1.795784647002095058e+00 9.949040283838539445e-01 3.576704195809613743e-03
1.799928506782476401e+00 9.949248652683800875e-01 3.596235024744086264e-03
1.804081928719382777e+00 9.949098404803092821e-01 3.632137504309891716e-03
1.808244934877951682e+00 9.948540453687343410e-01 3.680078233441370222e-03
1.812417547374237659e+00 9.947621739389570505e-01 3.729901441399688811e-03
1.816599788375326652e+00 9.946474851417768104e-01 3.769079032674972369e-03
1.820791680099462351e+00 9.945284737343843551e-01 3.787375234034025175e-03
1.824993244816152327e+00 9.944241296015635667e-01 3.780165325350838545e-03
1.829204504846293711e+00 9.943490786857932529e-01 3.749274976617970878e-03
1.833425482562290654e+00 9.943099419087001456e-01 3.701631608984570169e-03
1.837656200388170458e+00 9.943039052844574455e-01 3.646960439969522492e-03
1.841896680799710806e+00 9.943198646125847029e-01 3.596012184104549307e-03
1.846146946324547677e+00 9.943417773926112035e-01 3.559804894522130159e-03
1.850407019542302134e+00 9.943532378912491865e-01 3.548449737333729190e-03
1.854676923084699336e+00 9.943419676390879980e-01 3.567651378886273726e-03
1.858956679635686449e+00 9.943029726419088110e-01 3.613916727437343872e-03
1.863246311931559873e+00 9.942395349794018733e-01 3.673233415751093849e-03
1.867545842761076047e+00 9.941618498991838804e-01 3.726727214175809891e-03
1.871855294965579342e+00 9.940837959748204389e-01 3.760458393736561527e-03
1.876174691439121522e+00 9.940188371797262779e-01 3.772039863983948221e-03
1.880504055128581431e+00 9.939762585543447937e-01 3.768678258111391767e-03
1.884843409033795325e+00 9.939587839854293616e-01 3.758070921886859025e-03
1.889192776207666347e+00 9.939621745345532666e-01 3.740639393046286520e-03
1.893552179756295084e+00 9.939768030058802051e-01 3.711885066531102079e-03
1.897921642839101475e+00 9.939906284651562896e-01 3.674384552031668798e-03
1.902301188668944043e+00 9.939926198977572236e-01 3.648256224712914404e-03
1.906690840512252016e+00 9.939756023396472129e-01 3.667121459214681221e-03
1.911090621689137903e+00 9.939377301120841945e-01 3.757254895692183419e-03
1.915500555573527830e+00 9.938822473960847725e-01 3.916576728118298031e-03
1.919920665593284781e+00 9.938157305773167582e-01 4.115530511057979846e-03
1.924350975230330274e+00 9.937454568499947127e-01 4.318518226817152222e-03
1.928791508020777590e+00 9.936767786916447243e-01 4.503864702604437956e-03
1.933242287555045236e+00 9.936113425355829198e-01 4.667315800656211475e-03
1.937703337477989063e+00 9.935466954545598695e-01 4.811142362465613970e-03
1.942174681489026389e+00 9.934773734843771464e-01 4.931271115531940877e-03
1.946656343342261453e+00 9.933970995646707047e-01 5.014604579463402372e-03
1.951148346846616199e+00 9.933013778619964596e-01 5.048606712878154698e-03
1.955650715865949074e+00 9.931896529625325876e-01 5.034215937238972066e-03
1.960163474319185806e+00 9.930663367758080229e-01 4.990717845487245737e-03
1.964686646180446639e+00 9.929403475897080611e-01 4.947420780552601836e-03
1.969220255479171566e+00 9.928232498199619505e-01 4.927041238199069036e-03
1.973764326300255334e+00 9.927264977970409188e-01 4.933672845384980826e-03
1.978318882784164234e+00 9.926585524340042488e-01 4.955463902893997644e-03
1.982883949127071554e+00 9.926226817106273970e-01 4.978250079009148218e-03
1.987459549580983698e+00 9.926160661328283785e-01 4.996568141058451221e-03
1.992045708453869413e+00 9.926304663070236733e-01 5.013093041192068569e-03
1.996642450109793243e+00 9.926542769799828747e-01 5.029523667480206676e-03
2.001249798969037208e+00 9.926754126265049383e-01 5.039695758304475054e-03
2.005867779508233806e+00 9.926842483859046329e-01 5.032962131703871099e-03
2.010496416260498798e+00 9.926758350188190638e-01 5.005446181893337398e-03
2.015135733815558439e+00 9.926508147579915509e-01 4.968905607278974526e-03
2.019785756819878486e+00 9.926148252489879198e-01 4.948133746291592285e-03
2.024446509976803643e+00 9.925765900835959998e-01 4.966431607413089762e-03
2.029118018046677907e+00 9.925452443311713058e-01 5.029475810478966323e-03
2.033800305846982237e+00 9.925276390305347585e-01 5.121479513286486193e-03
2.038493398252464228e+00 9.925263607010730293e-01 5.216878104394816890e-03
2.043197320195270450e+00 9.925389970600336786e-01 5.296626605306934375e-03
2.047912096665085446e+00 9.925588369617567297e-01 5.356497713368122381e-03
2.052637752709252084e+00 9.925768048313721170e-01 5.403651764141938728e-03
2.057374313432913659e+00 9.925841006142503975e-01 5.446665910510096846e-03
2.062121803999144465e+00 9.925748306705856061e-01 5.487716818586545892e-03
2.066880249629081678e+00 9.925479187973488271e-01 5.522380088972315103e-03
2.071649675602068807e+00 9.925077752749466020e-01 5.545237219734240088e-03
2.076430107255774704e+00 9.924635237382521957e-01 5.554834556770157569e-03
2.081221569986339226e+00 9.924269562773517794e-01 5.553459284632789733e-03
2.086024089248504687e+00 9.924097117331721618e-01 5.542944524380435944e-03
2.090837690555750417e+00 9.924203698379227001e-01 5.521698771488695208e-03
2.095662399480433091e+00 9.924621775301786242e-01 5.486874147554746291e-03
2.100498241653915077e+00 9.925319706397143227e-01 5.440322034075953904e-03
2.105345242766706093e+00 9.926205649416270926e-01 5.392717552212818004e-03
2.110203428568596440e+00 9.927145382039693766e-01 5.360813916499798659e-03
2.115072824868794665e+00 9.927989954887018742e-01 5.358037898898943517e-03
2.119953457536071451e+00 9.928606818376569665e-01 5.384932123776433807e-03
2.124845352498882622e+00 9.928907313754224973e-01 5.427424962189312738e-03
2.129748535745521032e+00 9.928864337910675575e-01 5.464708506535834523e-03
2.134663033324245784e+00 9.928516324454491615e-01 5.480598222801840932e-03
2.139588871343421683e+00 9.927956852017999489e-01 5.470602571346014527e-03
2.144526075971667556e+00 9.927312443345650550e-01 5.441353756753844820e-03
2.149474673437980599e+00 9.926713711059543810e-01 5.404410404947040426e-03
2.154434690031884703e+00 9.926266371800538391e-01 5.369406055630182931e-03
2.159406152103567678e+00 9.926028522820439237e-01 5.340937363170914810e-03
2.164389086064020251e+00 9.925999033638578384e-01 5.319989038262683614e-03
2.169383518385184395e+00 9.926119342221951802e-01 5.306979948064823559e-03
2.174389475600079891e+00 9.926287962507633900e-01 5.302941704748836797e-03
2.179406984302956207e+00 9.926384276253340522e-01 5.308043398548727143e-03
2.184436071149428393e+00 9.926296280869637556e-01 5.319694872577960219e-03
2.189476762856620518e+00 9.925946271683365740e-01 5.332889854073958637e-03
2.194529086203313550e+00 9.925309048937502876e-01 5.343099184851334352e-03
2.199593068030075038e+00 9.924418969314940941e-01 5.349388573463696728e-03
2.204668735239409649e+00 9.923364593362883346e-01 5.355010853041045245e-03
2.209756114795903059e+00 9.922272272127521386e-01 5.364708545935528705e-03
2.214855233726359174e+00 9.921282222862078948e-01 5.380595691808047649e-03
2.219966119119954673e+00 9.920522030231775368e-01 5.399641290342964244e-03
2.225088798128369572e+00 9.920082836285072370e-01 5.414479584601649027e-03
2.230223297965938212e+00 9.920002741825064696e-01 5.416694581874079845e-03
2.235369645909796255e+00 9.920260343876468045e-01 5.400204033785319623e-03
2.240527869300018349e+00 9.920779248643089021e-01 5.362955928071660300e-03
2.245697995539774006e+00 9.921442269623790278e-01 5.306824996063686309e-03
2.250880052095461714e+00 9.922112267295239985e-01 5.236737908342577359e-03
2.256074066496861708e+00 9.922655525821194589e-01 5.159924768851397239e-03
2.261280066337279404e+00 9.922963349452775805e-01 5.085247262216466627e-03
2.266498079273692845e+00 9.922968174410921049e-01 5.021908682318507525e-03
2.271728133026905017e+00 9.922651750001566517e-01 4.977323593406599543e-03
2.276970255381680186e+00 9.922044554824762663e-01 4.955177330855110515e-03
2.282224474186898444e+00 9.921217246518976296e-01 4.955313722168512743e-03
2.287490817355704031e+00 9.920266288789068021e-01 4.975931574765789928e-03
2.292769312865648779e+00 9.919296732949206552e-01 5.016377964732635607e-03
2.298059988758851091e+00 9.918405346855925231e-01 5.077750635001296135e-03
2.303362873142131395e+00 9.917666903043006466e-01 5.159944116355881169e-03
2.308677994187169791e+00 9.917125591320207212e-01 5.256887348144532318e-03
2.314005380130653933e+00 9.916792413725289412e-01 5.353929703176907653e-03
2.319345059274427356e+00 9.916648282685867066e-01 5.430349611781629809e-03
2.324697059985647574e+00 9.916651587346723140e-01 5.466443739815779468e-03
2.330061410696924629e+00 9.916748371024481923e-01 5.451717792721005179e-03
2.335438139906479194e+00 9.916883047301648935e-01 5.390239232844938437e-03
2.340827276178294003e+00 9.917007761773348751e-01 5.300558887589114539e-03
2.346228848142262624e+00 9.917088997666008154e-01 5.209637005354490757e-03
2.351642884494348440e+00 9.917110696324641372e-01 5.142756374636721015e-03
2.357069413996727647e+00 9.917073871520100115e-01 5.114099732044534788e-03
2.362508465477947350e+00 9.916993306772076133e-01 5.123261890679079583e-03
2.367960067833078330e+00 9.916892341278795708e-01 5.159290451732945725e-03
2.373424250023866033e+00 9.916796926212120278e-01 5.208423280295825832e-03
2.378901041078893108e+00 9.916730074099203707e-01 5.259918819776381038e-03
2.384390470093720626e+00 9.916707577661734163e-01 5.307309582192952339e-03
2.389892566231050175e+00 9.916735515986638827e-01 5.346388067704395571e-03
2.395407358720879731e+00 9.916809679087519314e-01 5.373093514802424440e-03
2.400934876860651990e+00 9.916916701786688826e-01 5.383616361539899503e-03
2.406475150015424447e+00 9.917036457509520453e-01 5.376672491568187939e-03
2.412028207618007070e+00 9.917145146577663883e-01 5.355899997599413570e-03
2.417594079169131049e+00 9.917218518005382899e-01 5.330006801112380406e-03
2.423172794237600680e+00 9.917234762136508675e-01 5.309713258955748964e-03
2.428764382460450566e+00 9.917176764118056376e-01 5.302806543993956838e-03
2.434368873543110379e+00 9.917033573156089910e-01 5.310308925404375220e-03
2.439986297259550074e+00 9.916801084613947603e-01 5.326392071070129054e-03
2.445616683452446427e+00 9.916482029340109028e-01 5.342178452343563158e-03
2.451260062033339793e+00 9.916085410667975220e-01 5.350964925265803800e-03
2.456916462982789984e+00 9.915625531703815554e-01 5.351770962113882972e-03
2.462585916350546356e+00 9.915120730527491322e-01 5.349523942946711290e-03
2.468268452255692580e+00 9.914591908757331984e-01 5.352302885703610902e-03
2.473964100886814510e+00 9.914060916863850492e-01 5.367627258642889039e-03
2.479672892502160053e+00 9.913548857783376356e-01 5.400047886350421711e-03
2.485394857429798154e+00 9.913074389654566998e-01 5.451093828115607942e-03
2.491130026067788439e+00 9.912652141051350174e-01 5.520753610831708770e-03
2.496878428884326873e+00 9.912291384204330313e-01 5.608594256308559178e-03
2.502640096417919402e+00 9.911995128018223911e-01 5.713197836979912181e-03
2.508415059277541381e+00 9.911759780681798082e-01 5.830270227589560289e-03
2.514203348142796557e+00 9.911575485349062298e-01 5.951143208924135689e-03
2.520004993764092038e+00 9.911427154330234579e-01 6.063351546941179657e-03
2.525820026962784404e+00 9.911296128550857176e-01 6.153609552477106587e-03
2.531648478631355559e+00 9.911162287185759645e-01 6.211967879218325411e-03
2.537490379733571721e+00 9.911006347562999474e-01 6.235253161950675589e-03
2.543345761304648178e+00 9.910812046267171160e-01 6.228250218510281329e-03
2.549214654451422923e+00 9.910567891734021195e-01 6.202055418496956428e-03
2.555097090352507205e+00 9.910268230680382429e-01 6.170194784371852564e-03
2.560993100258459609e+00 9.909913469637463557e-01 6.144133245161521699e-03
2.566902715491951703e+00 9.909509423583534593e-01 6.130221724946299973e-03
2.572825967447932349e+00 9.909065904472960096e-01 6.129452074469792823e-03
2.578762887593800901e+00 9.908594788854450108e-01 6.139788234938749201e-03
2.584713507469563964e+00 9.908107893031599112e-01 6.159361669151873150e-03
2.590677858688008595e+00 9.907615019587596716e-01 6.188497521828204180e-03
2.596655972934872381e+00 9.907122512932710068e-01 6.229469813582917681e-03
2.602647881969004651e+00 9.906632576844998095e-01 6.284353717623608442e-03
2.608653617622547660e+00 9.906143477016335908e-01 6.352484314755495361e-03
2.614673211801092467e+00 9.905650597700248472e-01 6.429225276037282659e-03
2.620706696483852127e+00 9.905148169444768502e-01 6.506896694796555219e-03
2.626754103723838440e+00 9.904631360419507979e-01 6.577391240981031277e-03
2.632815465648020048e+00 9.904098348560830267e-01 6.635099909497245950e-03
2.638890814457510281e+00 9.903551979292950502e-01 6.678725610866215190e-03
2.644980182427719484e+00 9.903000667368311305e-01 6.711199680220078338e-03
2.651083601908539311e+00 9.902458314047061227e-01 6.737798187222738752e-03
2.657201105324507040e+00 9.901943165428370719e-01 6.763330701363929297e-03
2.663332725174980542e+00 9.901475710373800476e-01 6.789679777646538163e-03
2.669478494034320804e+00 9.901075880121631423e-01 6.814801449148422119e-03
2.675638444552045137e+00 9.900759940486524302e-01 6.833580055453088858e-03
2.681812609453015916e+00 9.900537540688985061e-01 6.840043228717574905e-03
2.688001021537607560e+00 9.900409387866411226e-01 6.829887575719736405e-03
2.694203713681882384e+00 9.900365950824603356e-01 6.802272784779279588e-03
2.700420718837772682e+00 9.900387468698029769e-01 6.760267977192833955e-03
2.706652070033241042e+00 9.900445367208022818e-01 6.709896079567636250e-03
2.712897800372467305e+00 9.900504991093767027e-01 6.658215799469742457e-03
2.719157943036019098e+00 9.900529373145741108e-01 6.611195880199820414e-03
2.725432531281027693e+00 9.900483604487519962e-01 6.572185724742976923e-03
2.731721598441376297e+00 9.900339269323786828e-01 6.541520256845721228e-03
2.738025177927857712e+00 9.900078374900006528e-01 6.517298459424441560e-03
2.744343303228365727e+00 9.899696249205670595e-01 6.496882568562707162e-03
2.750676007908067433e+00 9.899202990406683611e-01 6.478424666988245005e-03
2.757023325609582631e+00 9.898623219373614557e-01 6.461817214479716881e-03
2.763385290053169463e+00 9.897994089030025533e-01 6.448776456866625074e-03
2.769761935036890943e+00 9.897361716249504227e-01 6.442132175941267351e-03
2.776153294436801033e+00 9.896776397279479776e-01 6.444681604420294911e-03
2.782559402207125832e+00 9.896287122045663853e-01 6.458090592757311649e-03
2.788980292380439430e+00 9.895935997314899701e-01 6.482255806960873258e-03
2.795415999067856205e+00 9.895753212141606969e-01 6.515305116933486212e-03
2.801866556459195134e+00 9.895753128550711653e-01 6.554117102708434568e-03
2.808331998823172526e+00 9.895931962088013734e-01 6.595031573167206736e-03
2.814812360507580991e+00 9.896267344653358888e-01 6.634400114906203842e-03
2.821307675939470627e+00 9.896719855938305166e-01 6.668784471097888647e-03
2.827817979625341316e+00 9.897236393424553302e-01 6.694859216519364990e-03
2.834343306151309250e+00 9.897755048661633914e-01 6.709290080931209349e-03
2.840883690183304111e+00 9.898210991845067808e-01 6.708936648658170993e-03
2.847439166467247595e+00 9.898542755525134851e-01 6.691621164480114452e-03
2.854009769829237264e+00 9.898698263236433981e-01 6.657441206505536682e-03
2.860595535175741944e+00 9.898639974169995970e-01 6.610269523144475003e-03
2.867196497493769591e+00 9.898348607242595243e-01 6.558786689633411618e-03
2.873812691851066692e+00 9.897825056475438865e-01 6.516244404595339899e-03
2.880444153396297668e+00 9.897090298101725026e-01 6.498310314445499350e-03
2.887090917359234510e+00 9.896183297994015637e-01 6.518980727154163879e-03
2.893753019050949948e+00 9.895157133859838750e-01 6.585650711827221483e-03
2.900430493863991543e+00 9.894073728856491723e-01 6.695417771599068875e-03
2.907123377272577969e+00 9.892997733306662100e-01 6.834579426634350592e-03
2.913831704832788638e+00 9.891990175186733403e-01 6.981791404105859231e-03
2.920555512182745339e+00 9.891102520101088258e-01 7.113583639545338275e-03
2.927294835042816068e+00 9.890371736263995350e-01 7.210193454758519194e-03
2.934049709215786894e+00 9.889816854917069522e-01 7.260076719542917292e-03
2.940820170587063576e+00 9.889437362895283634e-01 7.262226480402822655e-03
2.947606255124858965e+00 9.889213577706463809e-01 7.225999458550172970e-03
2.954407998880379971e+00 9.889108955533219003e-01 7.168515661111520866e-03
2.961225437988034503e+00 9.889074089126426159e-01 7.110114851335313721e-03
2.968058608665602005e+00 9.889051984855226074e-01 7.068988589644015913e-03
2.974907547214440395e+00 9.888984082643983431e-01 7.056739282071630183e-03
2.981772290019673477e+00 9.888816411238725568e-01 7.076626122754677006e-03
2.988652873550382338e+00 9.888505260791380369e-01 7.125184915782994260e-03
2.995549334359813187e+00 9.888021805657319918e-01 7.196219609871890195e-03
3.002461709085549657e+00 9.887355217054881740e-01 7.285020955002376349e-03
3.009390034449721085e+00 9.886513956881892717e-01 7.390769252004424431e-03
3.016334347259197468e+00 9.885525125267352609e-01 7.516141770318674788e-03
3.023294684405776422e+00 9.884431927321312150e-01 7.664498771150077445e-03
3.030271082866396348e+00 9.883289510015867974e-01 7.836130297714363757e-03
3.037263579703311844e+00 9.882159580043330394e-01 8.025484425769526670e-03
3.044272212064302874e+00 9.881104332358975340e-01 8.220795995578933021e-03
3.051297017182871052e+00 9.880180285558970432e-01 8.406324534100784174e-03
3.058338032378431937e+00 9.879432628111772807e-01 8.566231454078886143e-03
3.065395295056526859e+00 9.878890628358217851e-01 8.688614356912777864e-03
3.072468842709003667e+00 9.878564556481144177e-01 8.768410024826013560e-03
3.079558712914226337e+00 9.878444418862372123e-01 8.808413733973483734e-03
3.086664943337274369e+00 9.878500629045194881e-01 8.818228705290104968e-03
3.093787571730136854e+00 9.878686552205497851e-01 8.811469074409862545e-03
3.100926635931926523e+00 9.878942679839396446e-01 8.802006018845844396e-03
3.108082173869063602e+00 9.879202035691397876e-01 8.800397353902554565e-03
3.115254223555488089e+00 9.879396297631777291e-01 8.811666936802051847e-03
3.122442823092857811e+00 9.879462054151980643e-01 8.835128564931833337e-03
3.129648010670750491e+00 9.879346604318850478e-01 8.866108088889199101e-03
3.136869824566876463e+00 9.879012756854140820e-01 8.898653486474039295e-03
3.144108303147264749e+00 9.878442182453754938e-01 8.928053646351808911e-03
3.151363484866479325e+00 9.877637013577398317e-01 8.952272540600644812e-03
3.158635408267818967e+00 9.876619553871143209e-01 8.971990805603494504e-03
3.165924111983520639e+00 9.875430138771704724e-01 8.989525429309015367e-03
3.173229634734976212e+00 9.874123362426326933e-01 9.007273648888003761e-03
3.180552015332919868e+00 9.872763037369222117e-01 9.026411600145427955e-03
3.187891292677645705e+00 9.871416368307570632e-01 9.046369727220737039e-03
3.195247505759213791e+00 9.870147889443604550e-01 9.065204306261389830e-03
3.202620693657650008e+00 9.869013730177420562e-01 9.080575246286788291e-03
3.210010895543171650e+00 9.868056736081776137e-01 9.090811385631615907e-03
3.217418150676371713e+00 9.867302885088643505e-01 9.095576258625115429e-03
3.224842498408442282e+00 9.866759311828698920e-01 9.095886347185824436e-03
3.232283978181381023e+00 9.866414098616417272e-01 9.093548801523151578e-03
3.239742629528195472e+00 9.866237824649579657e-01 9.090339169678898767e-03
3.247218492073128626e+00 9.866186701477122067e-01 9.087333674200885614e-03
3.254711605531848129e+00 9.866206977958933422e-01 9.084712593461543792e-03
3.262222009711669646e+00 9.866240185023599230e-01 9.082110265866543200e-03
3.269749744511767808e+00 9.866228719508375322e-01 9.079318642491904581e-03
3.277294849923382269e+00 9.866121243101605431e-01 9.076981523797303733e-03
3.284857366030043302e+00 9.865877398184992320e-01 9.076918265433176966e-03
3.292437333007768974e+00 9.865471413876705231e-01 9.081879804001980611e-03
3.300034791125285416e+00 9.864894285308112298e-01 9.094792111352025671e-03
3.307649780744242651e+00 9.864154346240718851e-01 9.117777185013201460e-03
3.315282342319423314e+00 9.863276206363440490e-01 9.151356922456792622e-03
3.322932516398971359e+00 9.862298175801398337e-01 9.194180620261878031e-03
3.330600343624588788e+00 9.861268436632567580e-01 9.243393335556755047e-03
3.338285864731761254e+00 9.860240332254004425e-01 9.295484763332985054e-03
3.345989120549974771e+00 9.859267220648875174e-01 9.347260257474416384e-03
3.353710152002928879e+00 9.858397370856332165e-01 9.396542363931212338e-03
3.361449000108765350e+00 9.857669371073533027e-01 9.442341995435570706e-03
3.369205705980267140e+00 9.857108463710675395e-01 9.484466063074797545e-03
3.376980310825091092e+00 9.856724133037672031e-01 9.522761215794831036e-03
3.384772855945982872e+00 9.856509153625195863e-01 9.556345928914737609e-03
3.392583382740991915e+00 9.856440173692904150e-01 9.583197784064519803e-03
3.400411932703705897e+00 9.856479769050545681e-01 9.600330955724123774e-03
3.408258547423451912e+00 9.856579772956541863e-01 9.604572794183505874e-03
3.416123268585528283e+00 9.856685576298636065e-01 9.593720413097705374e-03
3.424006137971425723e+00 9.856741010395961844e-01 9.567713536197980373e-03
3.431907197459042269e+00 9.856693378028270613e-01 9.529437112260050191e-03
3.439826489022924871e+00 9.856498190338881527e-01 9.484856135845765035e-03
3.447764054734463901e+00 9.856123197886439424e-01 9.442352734789428298e-03
3.455719936762139177e+00 9.855551369839965492e-01 9.411347847998057653e-03
3.463694177371734462e+00 9.854782569677392745e-01 9.400507968511448778e-03
3.471686818926559503e+00 9.853833790020444239e-01 9.416000009694164632e-03
3.479697903887691623e+00 9.852737933206775489e-01 9.460283564365895917e-03
3.487727474814177775e+00 9.851541247104684818e-01 9.531769446234936854e-03
3.495775574363275240e+00 9.850299637146306964e-01 9.625371507929240955e-03
3.503842245290675894e+00 9.849074166482764126e-01 9.733676664675061652e-03
3.511927530450727808e+00 9.847926119428597191e-01 9.848302332232510350e-03
3.520031472796678607e+00 9.846912034369381672e-01 9.961050977565874542e-03
3.528154115380882860e+00 9.846079109286415276e-01 1.006464625992063190e-02
3.536295501355042781e+00 9.845461347114521367e-01 1.015303723493626332e-02
3.544455673970435594e+00 9.845076743088688742e-01 1.022140392410647580e-02
3.552634676578139583e+00 9.844925728122853048e-01 1.026605630567625251e-02
3.560832552629277892e+00 9.844990978868455311e-01 1.028439600573985424e-02
3.569049345675229468e+00 9.845238595184206964e-01 1.027503354661288282e-02
3.577285099367873311e+00 9.845620538320567494e-01 1.023805900601711984e-02
3.585539857459817181e+00 9.846078126692574539e-01 1.017538223454038555e-02
3.593813663804625858e+00 9.846546308024179961e-01 1.009101161007613240e-02
3.602106562357069830e+00 9.846958372521125158e-01 9.991135272183475358e-03
3.610418597173337130e+00 9.847250745092968049e-01 9.883902054787920693e-03
3.618749812411280242e+00 9.847367496719722224e-01 9.778860799911066534e-03
3.627100252330648367e+00 9.847264244763513918e-01 9.686093886453464238e-03
3.635469961293317898e+00 9.846911166149564520e-01 9.615158936784645033e-03
3.643858983763544668e+00 9.846294920886318192e-01 9.574012800925051775e-03
3.652267364308175335e+00 9.845419370044125040e-01 9.568112095681511470e-03
3.660695147596902288e+00 9.844305064977415531e-01 9.599849406758445211e-03
3.669142378402494131e+00 9.842987575982994342e-01 9.668399466274176651e-03
3.677609101601030606e+00 9.841514811851657107e-01 9.769947600027245951e-03
3.686095362172157941e+00 9.839943550906075087e-01 9.898197520724901638e-03
3.694601205199302463e+00 9.838335454466077268e-01 1.004503488341870233e-02
3.703126675869927276e+00 9.836752862200238701e-01 1.020125147956092021e-02
3.711671819475766743e+00 9.835254674251827645e-01 1.035728216195927476e-02
3.720236681413065849e+00 9.833892607896018712e-01 1.050394068215152084e-02
3.728821307182833777e+00 9.832708078997329793e-01 1.063314620023897081e-02
3.737425742391064176e+00 9.831729904313444290e-01 1.073861299405921149e-02
3.746050032748993175e+00 9.830972954440939660e-01 1.081644634401802280e-02
3.754694224073336972e+00 9.830437814302963595e-01 1.086556329623212212e-02
3.763358362286532532e+00 9.830111434163748552e-01 1.088784932737557262e-02
3.772042493416997377e+00 9.829968684653813682e-01 1.088797715099793645e-02
3.780746663599348967e+00 9.829974669053437308e-01 1.087285446448623891e-02
3.789470919074667599e+00 9.830087599048379365e-01 1.085073186496130979e-02
3.798215306190736218e+00 9.830262009119139499e-01 1.083008218808145622e-02
3.806979871402284221e+00 9.830452071130646452e-01 1.081843899524768948e-02
3.815764661271248137e+00 9.830614774687841395e-01 1.082142500506715239e-02
3.824569722466999444e+00 9.830712759265000100e-01 1.084218097535488180e-02
3.833395101766601254e+00 9.830716618726111911e-01 1.088131167292163796e-02
3.842240846055060999e+00 9.830606544445045225e-01 1.093732301366787465e-02
3.851107002325568907e+00 9.830373226003408238e-01 1.100738695438294862e-02
3.859993617679767119e+00 9.830017984265793096e-01 1.108819226462751280e-02
3.868900739327975291e+00 9.829552166384912804e-01 1.117664463836223580e-02
3.877828414589457040e+00 9.828995882147588681e-01 1.127025617657204624e-02
3.886776690892667752e+00 9.828376202763352554e-01 1.136717664943813488e-02
3.895745615775501047e+00 9.827724974209872677e-01 1.146592889290149256e-02
3.904735236885560123e+00 9.827076415965276812e-01 1.156498918672554076e-02
3.913745601980383793e+00 9.826464681721424066e-01 1.166238397722798095e-02
3.922776758927719598e+00 9.825921551779801533e-01 1.175545330818262256e-02
3.931828755705770284e+00 9.825474408459952125e-01 1.184086871328047380e-02
3.940901640403447814e+00 9.825144617916358181e-01 1.191491056774303565e-02
3.949995461220642934e+00 9.824946406752137484e-01 1.197393330012382247e-02
3.959110266468458761e+00 9.824886282578947361e-01 1.201489798513815169e-02
3.968246104569481680e+00 9.824963007186144903e-01 1.203584041016171786e-02
3.977403024058036696e+00 9.825168092149132448e-01 1.203616584400192535e-02
3.986581073580438783e+00 9.825486752150609515e-01 1.201670838806370191e-02
3.995780301895269560e+00 9.825899223184589859e-01 1.197954939948532929e-02
4.005000757873610873e+00 9.826382332763887728e-01 1.192764352419932970e-02
4.014242490499321470e+00 9.826911198208598819e-01 1.186434188019817697e-02
4.023505548869293236e+00 9.827460927323750095e-01 1.179292155791744102e-02
4.032789982193705214e+00 9.828008202888584011e-01 1.171622372748987347e-02
4.042095839796306045e+00 9.828532647389690569e-01 1.163646958766482650e-02
4.051423171114647559e+00 9.829017885854611780e-01 1.155527181254646825e-02
4.060772025700365440e+00 9.829452250638383015e-01 1.147380329234295830e-02
4.070142453219438572e+00 9.829829100522509133e-01 1.139304147466250507e-02
4.079534503452449279e+00 9.830146755383636359e-01 1.131398864289981203e-02
4.088948226294860433e+00 9.830408074945683472e-01 1.123778111685422472e-02
4.098383671757261482e+00 9.830619733932821624e-01 1.116563951410920290e-02
4.107840889965647335e+00 9.830791264816122199e-01 1.109866642817664006e-02
4.117319931161679492e+00 9.830933952234339746e-01 1.103755168379719036e-02
4.126820845702951601e+00 9.831059669475834539e-01 1.098228285650852502e-02
4.136343684063273685e+00 9.831179747022793514e-01 1.093196778857339659e-02
4.145888496832911052e+00 9.831303956434227498e-01 1.088485208221975399e-02
4.155455334718874738e+00 9.831439680546364412e-01 1.083856421788464107e-02
4.165044248545185290e+00 9.831591324211004235e-01 1.079055936181512985e-02
4.174655289253134782e+00 9.831759999932032645e-01 1.073867862544150911e-02
4.184288507901580800e+00 9.831943501305161481e-01 1.068170782981153755e-02
4.193943955667186252e+00 9.832136555660548893e-01 1.061981434641016270e-02
4.203621683844713353e+00 9.832331327229009155e-01 1.055475997618525626e-02
4.213321743847289191e+00 9.832518124818130367e-01 1.048982588990366761e-02
4.223044187206672184e+00 9.832686254469394926e-01 1.042943619131221980e-02
4.232789065573548726e+00 9.832824948646282648e-01 1.037852425496310974e-02
4.242556430717777438e+00 9.832924299615612984e-01 1.034174351249964388e-02
4.252346334528682270e+00 9.832976125916418342e-01 1.032266995855585234e-02
4.262158829015325168e+00 9.832974706909206608e-01 1.032316127714556254e-02
4.271993966306776080e+00 9.832917330802207756e-01 1.034301372695203315e-02
4.281851798652411389e+00 9.832804615436763207e-01 1.037999234348798046e-02
4.291732378422157268e+00 9.832640577463962472e-01 1.043022079111822174e-02
4.301635758106795215e+00 9.832432443218691587e-01 1.048883471755371333e-02
4.311561990318228510e+00 9.832190212407131424e-01 1.055075359002068981e-02
4.321511127789761986e+00 9.831926002516065966e-01 1.061142069106331236e-02
4.331483223376397795e+00 9.831653216572133758e-01 1.066739081338185721e-02
4.341478330055092982e+00 9.831385588637426842e-01 1.071669246925482759e-02
4.351496500925049915e+00 9.831136169548233550e-01 1.075893979203907877e-02
4.361537789208005833e+00 9.830916319453352203e-01 1.079520941853645034e-02
4.371602248248501965e+00 9.830734773521476733e-01 1.082772680223700879e-02
4.381689931514189951e+00 9.830596842858194684e-01 1.085942532276473228e-02
4.391800892596085859e+00 9.830503804546567581e-01 1.089345129791884081e-02
4.401935185208874834e+00 9.830452523364096029e-01 1.093268864890900062e-02
4.412092863191189984e+00 9.830435333873579484e-01 1.097936799827297846e-02
4.422273980505897484e+00 9.830440196104049955e-01 1.103480671666960504e-02
4.432478591240395893e+00 9.830451121870861231e-01 1.109930139632993654e-02
4.442706749606882610e+00 9.830448852886816136e-01 1.117216732534815314e-02
4.452958509942655851e+00 9.830411757104708936e-01 1.125189672937560760e-02
4.463233926710397093e+00 9.830316897027483458e-01 1.133639362396987593e-02
4.473533054498463279e+00 9.830141213716430126e-01 1.142323990303333904e-02
4.483855948021186144e+00 9.829862763435690542e-01 1.150995327800870792e-02
4.494202662119141323e+00 9.829461940622072902e-01 1.159420916982922822e-02
4.504573251759459218e+00 9.828922621280498095e-01 1.167401146694262322e-02
4.514967772036101223e+00 9.828233164897026697e-01 1.174780798882706263e-02
4.525386278170166143e+00 9.827387220255083822e-01 1.181455391793433292e-02
4.535828825510185958e+00 9.826384290688915391e-01 1.187373024360559824e-02
4.546295469532399380e+00 9.825230026723009713e-01 1.192532522150377416e-02
4.556786265841063610e+00 9.823936228030951678e-01 1.196978619603080753e-02
4.567301270168746541e+00 9.822520551443567616e-01 1.200794799405302191e-02
4.577840538376616308e+00 9.821005936561617577e-01 1.204094326912295843e-02
4.588404126454756593e+00 9.819419774619625452e-01 1.207010001077295051e-02
4.598992090522438403e+00 9.817792858900342701e-01 1.209683188037369815e-02
4.609604486828433600e+00 9.816158165599990770e-01 1.212252775238636428e-02
4.620241371751312442e+00 9.814549522103505064e-01 1.214844736699155318e-02
4.630902801799736679e+00 9.813000224793206883e-01 1.217562993480475302e-02
4.641588833612777520e+00 9.811541670590554487e-01 1.220482167707846559e-02
4.652299523960189198e+00 9.810202065379280967e-01 1.223642670979879082e-02
4.663034929742731372e+00 9.809005268398270916e-01 1.227048371031411178e-02
4.673795107992463116e+00 9.807969824884569254e-01 1.230666889536206031e-02
4.684580115873045791e+00 9.807108230077672406e-01 1.234432440736118845e-02
4.695390010680058346e+00 9.806426456655167323e-01 1.238251047311004181e-02
4.706224849841281532e+00 9.805923765320615493e-01 1.242007960139643666e-02
4.717084690917017653e+00 9.805592805216224450e-01 1.245577128711715560e-02
4.727969591600389876e+00 9.805419997709146074e-01 1.248832568976245873e-02
4.738879609717651320e+00 9.805386184508141367e-01 1.251661405269016356e-02
4.749814803228499471e+00 9.805467509571298423e-01 1.253978188311366884e-02
4.760775230226368393e+00 9.805636494360822075e-01 1.255739804514715251e-02
4.771760948938745805e+00 9.805863258093663326e-01 1.256959916413064732e-02
4.782772017727484837e+00 9.806116829030098181e-01 1.257721463311768997e-02
4.793808495089106891e+00 9.806366489724409607e-01 1.258185384604747561e-02
4.804870439655129388e+00 9.806583098602463799e-01 1.258593507023956712e-02
4.815957910192350866e+00 9.806740332185005515e-01 1.259263579120541501e-02
4.827070965603183161e+00 9.806815796585149902e-01 1.260574863082933143e-02
4.838209664925957831e+00 9.806791963321621619e-01 1.262943601665459867e-02
4.849374067335233462e+00 9.806656892664997738e-01 1.266789084625980291e-02
4.860564232142134067e+00 9.806404717272573235e-01 1.272492816484627372e-02
4.871780218794630635e+00 9.806035869320283149e-01 1.280355110525466938e-02
4.883022086877879531e+00 9.805557045235832048e-01 1.290554803131604630e-02
4.894289896114531579e+00 9.804980913006161591e-01 1.303118163128967957e-02
4.905583706365044705e+00 9.804325577418240290e-01 1.317902127985442172e-02
4.916903577628025879e+00 9.803613828080318671e-01 1.334594812434731007e-02
4.928249570040513561e+00 9.802872203296730813e-01 1.352733342605033293e-02
4.939621743878320537e+00 9.802129909536945185e-01 1.371736267419938933e-02
4.951020159556350997e+00 9.801417641127530000e-01 1.390945808087634336e-02
4.962444877628914064e+00 9.800766347764272579e-01 1.409674389579474059e-02
4.973895958790063077e+00 9.800205998437394594e-01 1.427250195297943142e-02
4.985373463873893130e+00 9.799764389409955090e-01 1.443057548242704727e-02
4.996877453854883910e+00 9.799466041096626112e-01 1.456569321461744643e-02
5.008407989848212338e+00 9.799331224228560178e-01 1.467369974792918225e-02
5.019965133110079414e+00 9.799375149797090456e-01 1.475169008202160091e-02
5.031548945038052167e+00 9.799607350224437408e-01 1.479805546643340845e-02
5.043159487171358535e+00 9.800031271330389426e-01 1.481245433793230808e-02
5.054796821191239964e+00 9.800644086284997503e-01 1.479572642167706689e-02
5.066461008921268494e+00 9.801436734199535650e-01 1.474977027002699788e-02
5.078152112327670942e+00 9.802394177644399020e-01 1.467740464356380968e-02
5.089870193519679731e+00 9.803495865504716633e-01 1.458223209759227333e-02
5.101615314749833097e+00 9.804716380472164872e-01 1.446851881649272725e-02
5.113387538414325917e+00 9.806026244363050814e-01 1.434109819680149701e-02
5.125186927053332120e+00 9.807392849538032475e-01 1.420529730797721879e-02
5.137013543351338640e+00 9.808781481113696410e-01 1.406687600870933086e-02
5.148867450137492696e+00 9.810156392481375054e-01 1.393195955209346887e-02
5.160748710385907323e+00 9.811481895907114836e-01 1.380693888620786527e-02
5.172657387216018421e+00 9.812723430647964928e-01 1.369831083675977605e-02
5.184593543892912493e+00 9.813848573002524889e-01 1.361243522069765025e-02
5.196557243827657935e+00 9.814827955890984557e-01 1.355519918305264117e-02
5.208548550577660308e+00 9.815636069767513794e-01 1.353160026465108010e-02
5.220567527846974976e+00 9.816251921710978934e-01 1.354528544250505930e-02
5.232614239486662377e+00 9.816659535202267861e-01 1.359810685966001374e-02
5.244688749495118429e+00 9.816848279150218737e-01 1.368976763858573142e-02
5.256791122018419138e+00 9.816813020941184131e-01 1.381762630850198910e-02
5.268921421350671430e+00 9.816554104432942962e-01 1.397670499628287863e-02
5.281079711934330234e+00 9.816077159679291730e-01 1.415991103806070288e-02
5.293266058360560855e+00 9.815392756563645626e-01 1.435844534635342604e-02
5.305480525369573819e+00 9.814515919271339373e-01 1.456234448007150822e-02
5.317723177850966820e+00 9.813465522504443150e-01 1.476109240981228997e-02
5.329994080844087989e+00 9.812263593438135256e-01 1.494424142375243292e-02
5.342293299538352969e+00 9.810934545565950238e-01 1.510199415231739534e-02
5.354620899273607293e+00 9.809504371752726382e-01 1.522571413049222076e-02
5.366976945540475441e+00 9.807999824014019818e-01 1.530834613871524807e-02
5.379361503980697456e+00 9.806447606806441009e-01 1.534473764061796905e-02
5.391774640387500206e+00 9.804873609013617930e-01 1.533185875087582015e-02
5.404216420705915347e+00 9.803302197442254062e-01 1.526892111746667481e-02
5.416686911033151475e+00 9.801755591618287466e-01 1.515739698227033111e-02
5.429186177618942288e+00 9.800253336126272252e-01 1.500093950982453982e-02
5.441714286865887651e+00 9.798811882811958585e-01 1.480520511536950051e-02
5.454271305329836395e+00 9.797444291014908435e-01 1.457757879071853134e-02
5.466857299720181196e+00 9.796160049767516087e-01 1.432680519567252654e-02
5.479472336900286678e+00 9.794965021731856236e-01 1.406253253114665876e-02
5.492116483887789613e+00 9.793861504682083163e-01 1.379478384508590200e-02
5.504789807854967520e+00 9.792848402699938504e-01 1.353338179928786043e-02
5.517492376129128573e+00 9.791921496038927808e-01 1.328736708055607701e-02
5.530224256192900256e+00 9.791073795913921574e-01 1.306446453661124808e-02
5.542985515684669018e+00 9.790295968352690226e-01 1.287065956635215919e-02
5.555776222398877806e+00 9.789576809745073049e-01 1.270994429039396141e-02
5.568596444286408875e+00 9.788903755864850620e-01 1.258427461395965861e-02
5.581446249454966591e+00 9.788263405915437199e-01 1.249374670374021543e-02
5.594325706169377632e+00 9.787642043541379122e-01 1.243696218610597197e-02
5.607234882852032420e+00 9.787026137710997942e-01 1.241151693532757325e-02
5.620173848083187984e+00 9.786402807852938590e-01 1.241452879662374893e-02
5.633142670601351654e+00 9.785760239549350370e-01 1.244311935060353133e-02
5.646141419303672748e+00 9.785088039367541013e-01 1.249478141475681738e-02
5.659170163246242780e+00 9.784377519960371083e-01 1.256759060624663797e-02
5.672228971644543982e+00 9.783621909288696683e-01 1.266024858857776880e-02
5.685317913873753071e+00 9.782816480620826205e-01 1.277197218529829530e-02
5.698437059469136479e+00 9.781958602751552601e-01 1.290226341397877029e-02
5.711586478126434052e+00 9.781047712566836028e-01 1.305060933500162834e-02
5.724766239702178794e+00 9.780085214579757880e-01 1.321616673815253704e-02
5.737976414214133847e+00 9.779074314306377413e-01 1.339748476942950045e-02
5.751217071841614015e+00 9.778019794276177068e-01 1.359230901716058926e-02
5.764488282925873008e+00 9.776927743034007356e-01 1.379749497561759755e-02
5.777790117970506678e+00 9.775805248653974822e-01 1.400904017180389441e-02
5.791122647641758547e+00 9.774660069030163267e-01 1.422222626394303163e-02
5.804485942768978113e+00 9.773500291529115813e-01 1.443184838737833313e-02
5.817880074344935259e+00 9.772333994490187692e-01 1.463250085513383841e-02
5.831305113526218165e+00 9.771168922563202575e-01 1.481888620817345230e-02
5.844761131633638307e+00 9.770012187007967031e-01 1.498611734906786855e-02
5.858248200152536000e+00 9.768870000889350313e-01 1.512998820559677271e-02
5.871766390733255570e+00 9.767747457632447450e-01 1.524719522638431045e-02
5.885315775191450882e+00 9.766648359712015726e-01 1.533549866718438015e-02
5.898896425508493024e+00 9.765575102397058282e-01 1.539381835628765224e-02
5.912508413831881526e+00 9.764528615519131316e-01 1.542226321974101214e-02
5.926151812475553449e+00 9.763508364244338766e-01 1.542209741978232962e-02
5.939826693920356782e+00 9.762512407864508690e-01 1.539564877734785064e-02
5.953533130814370189e+00 9.761537513743419048e-01 1.534616748507492377e-02
5.967271195973310682e+00 9.760579321811494458e-01 1.527764516549829504e-02
5.981040962380943959e+00 9.759632553445547476e-01 1.519460615544356713e-02
5.994842503189408589e+00 9.758691257240187378e-01 1.510188441529482402e-02
6.008675891719686746e+00 9.757749083106519450e-01 1.500440043735841618e-02
6.022541201461927507e+00 9.756799575346351006e-01 1.490695262217797343e-02
6.036438506075864296e+00 9.755836474861669938e-01 1.481403644780210187e-02
6.050367879391224335e+00 9.754854020474849063e-01 1.472970212576852830e-02
6.064329395408061707e+00 9.753847239453711238e-01 1.465745731974670354e-02
6.078323128297229871e+00 9.752812217744544210e-01 1.460021625317202768e-02
6.092349152400711176e+00 9.751746341097478066e-01 1.456029087043638447e-02
6.106407542232036967e+00 9.750648499195517793e-01 1.453941461113496605e-02
6.120498372476702365e+00 9.749519246040027065e-01 1.453878580121236233e-02
6.134621717992506440e+00 9.748360911163256315e-01 1.455911640826280419e-02
6.148777653810022947e+00 9.747177657692661645e-01 1.460067324177396521e-02
6.162966255132942273e+00 9.745975484839375369e-01 1.466330234446213722e-02
6.177187597338488878e+00 9.744762173978691600e-01 1.474643256848201349e-02
6.191441755977847627e+00 9.743547179089929733e-01 1.484906009851286006e-02
6.205728806776500406e+00 9.742341463883102959e-01 1.496972084111606975e-02
6.220048825634711953e+00 9.741157289418899135e-01 1.510646118884651640e-02
6.234401888627863819e+00 9.740007957388905346e-01 1.525681909751951809e-02
6.248788072006887795e+00 9.738907515430826889e-01 1.541782656485407403e-02
6.263207452198692238e+00 9.737870431879717126e-01 1.558604180959132467e-02
6.277660105806499580e+00 9.736911248177740896e-01 1.575761540944971978e-02
6.292146109610343707e+00 9.736044217763403230e-01 1.592839020655161322e-02
6.306665540567405692e+00 9.735282940626358572e-01 1.609403072028890366e-02
6.321218475812449000e+00 9.734640002838846895e-01 1.625017469419323679e-02
6.335804992658254697e+00 9.734126630262568414e-01 1.639259752540925610e-02
6.350425168595961622e+00 9.733752365285203156e-01 1.651737968160041023e-02
6.365079081295570873e+00 9.733524774878469232e-01 1.662106759508297574e-02
6.379766808606282424e+00 9.733449197505247286e-01 1.670081962995561067e-02
6.394488428556943660e+00 9.733528535460629350e-01 1.675453022632714811e-02
6.409244019356457045e+00 9.733763098136339886e-01 1.678092696795217137e-02
6.424033659394191353e+00 9.734150500478299106e-01 1.677963690531484101e-02
6.438857427240419540e+00 9.734685619596058492e-01 1.675121988569206605e-02
6.453715401646702432e+00 9.735360611112073848e-01 1.669716785428195654e-02
6.468607661546327492e+00 9.736164985442412600e-01 1.661987010855040664e-02
6.483534286054727147e+00 9.737085742812358058e-01 1.652254536252978703e-02
6.498495354469888241e+00 9.738107564462129551e-01 1.640914228652857326e-02
6.513490946272803228e+00 9.739213056221074361e-01 1.628421102367182821e-02
6.528521141127846761e+00 9.740383039451320224e-01 1.615274914209905918e-02
6.543586018883235766e+00 9.741596883309509014e-01 1.602002663423346407e-02
6.558685659571435345e+00 9.742832871369851988e-01 1.589139594495479063e-02
6.573820143409585093e+00 9.744068594911658998e-01 1.577209453408906156e-02
6.588989550799950301e+00 9.745281364613430641e-01 1.566704897304421751e-02
6.604193962330304757e+00 9.746448632023415604e-01 1.558069073526891467e-02
6.619433458774395262e+00 9.747548411997906115e-01 1.551679427766304575e-02
6.634708121092351085e+00 9.748559697314892469e-01 1.547834735183109545e-02
6.650018030431118277e+00 9.749462856877465500e-01 1.546746150936511612e-02
6.665363268124913532e+00 9.750240009311488265e-01 1.548532753763867849e-02
6.680743915695614099e+00 9.750875364323221550e-01 1.553221648925530093e-02
6.696160054853222299e+00 9.751355524900392480e-01 1.560752273814419895e-02
6.711611767496287406e+00 9.751669744295871078e-01 1.570984189597583042e-02
6.727099135712336420e+00 9.751810132705480694e-01 1.583707410311557470e-02
6.742622241778342129e+00 9.751771809619748099e-01 1.598654248621439108e-02
6.758181168161110364e+00 9.751552998965906660e-01 1.615511736638630333e-02
6.773775997517751613e+00 9.751155065339740524e-01 1.633933869507368797e-02
6.789406812696112681e+00 9.750582490828096915e-01 1.653553161201633259e-02
6.805073696735206568e+00 9.749842793118922435e-01 1.673991240021215077e-02
6.820776732865685865e+00 9.748946386760719562e-01 1.694868404270949772e-02
6.836516004510237998e+00 9.747906390543965571e-01 1.715812185345062454e-02
6.852291595284063952e+00 9.746738385012636563e-01 1.736465023486407841e-02
6.868103588995307263e+00 9.745460125052686218e-01 1.756491161788796204e-02
6.883952069645496330e+00 9.744091213331925738e-01 1.775582824432722293e-02
6.899837121430018705e+00 9.742652741064514732e-01 1.793465685011751132e-02
6.915758828738525210e+00 9.741166903134645949e-01 1.809903567251245488e-02
6.931717276155407781e+00 9.739656595027192942e-01 1.824702266590516944e-02
6.947712548460240001e+00 9.738144999274247482e-01 1.837712345763013733e-02
6.963744730628222079e+00 9.736655169233165985e-01 1.848830745507391848e-02
6.979813907830660469e+00 9.735209617964910578e-01 1.858001064587230799e-02
6.995920165435374649e+00 9.733829919785011997e-01 1.865212400774875906e-02
7.012063589007184738e+00 9.732536331721450829e-01 1.870496704032776833e-02
7.028244264308352030e+00 9.731347441642025364e-01 1.873924671075128529e-02
7.044462277299037289e+00 9.730279849222088773e-01 1.875600301761091993e-02
7.060717714137772383e+00 9.729347885224655101e-01 1.875654335889176405e-02
7.077010661181889262e+00 9.728563373775106493e-01 1.874236885953881049e-02
7.093341204987996917e+00 9.727935441449088172e-01 1.871509667904193777e-02
7.109709432312438793e+00 9.727470376072899771e-01 1.867638297585557522e-02
7.126115430111745752e+00 9.727171537178925798e-01 1.862785155053069477e-02
7.142559285543127245e+00 9.727039319083929936e-01 1.857103313474834858e-02
7.159041085964887863e+00 9.727071166583937112e-01 1.850731978236716188e-02
7.175560918936929156e+00 9.727261642303924871e-01 1.843793784238866029e-02
7.192118872221192838e+00 9.727602543821153303e-01 1.836394160204454437e-02
7.208715033782135961e+00 9.728083067814400353e-01 1.828622798956716991e-02
7.225349491787214085e+00 9.728690017691605796e-01 1.820557087677370997e-02
7.242022334607315592e+00 9.729408050429408927e-01 1.812267170348275808e-02
7.258733650817252858e+00 9.730219957730522617e-01 1.803822154009194004e-02
7.275483529196232979e+00 9.731106976078757187e-01 1.795296846614553854e-02
7.292272058728312523e+00 9.732049119853074526e-01 1.786778338274335257e-02
7.309099328602910894e+00 9.733025531357303306e-01 1.778371715775043521e-02
7.325965428215230446e+00 9.734014841432947485e-01 1.770204234474926849e-02
7.342870447166765402e+00 9.734995534250273641e-01 1.762427360907405788e-02
7.359814475265770817e+00 9.735946309915155528e-01 1.755216240849420684e-02
7.376797602527730646e+00 9.736846438683255389e-01 1.748766336980022568e-02
7.393819919175865785e+00 9.737676100832701742e-01 1.743287211156285474e-02
7.410881515641569273e+00 9.738416706605207418e-01 1.738993688153668907e-02
7.427982482564918776e+00 9.739051191073246905e-01 1.736094913046510799e-02
7.445122910795142879e+00 9.739564279319616880e-01 1.734782077166062073e-02
7.462302891391107806e+00 9.739942717911097558e-01 1.735215803525645695e-02
7.479522515621821022e+00 9.740175469301359801e-01 1.737514313561987905e-02
7.496781874966877091e+00 9.740253866493472357e-01 1.741743509019192185e-02
7.514081061116970162e+00 9.740171726019066778e-01 1.747909976342398863e-02
7.531420165974375358e+00 9.739925418033889004e-01 1.755957660143687288e-02
7.548799281653431947e+00 9.739513893076605644e-01 1.765768588349670223e-02
7.566218500481054932e+00 9.738938665774677927e-01 1.777167618274322694e-02
7.583677914997190683e+00 9.738203756497618713e-01 1.789930774218943810e-02
7.601177617955330312e+00 9.737315592639759210e-01 1.803796422106606484e-02
7.618717702322999052e+00 9.736282871854186061e-01 1.818478314999024889e-02
7.636298261282241207e+00 9.735116390143635501e-01 1.833679459173035223e-02
7.653919388230147725e+00 9.733828838237861270e-01 1.849105783271231401e-02
7.671581176779302069e+00 9.732434570140416907e-01 1.864478715492323690e-02
7.689283720758313123e+00 9.730949348106843200e-01 1.879545951681800206e-02
7.707027114212303687e+00 9.729390068615881848e-01 1.894089898537544212e-02
7.724811451403400753e+00 9.727774474113276559e-01 1.907933476740648199e-02
7.742636826811270190e+00 9.726120855441245938e-01 1.920943154007517459e-02
7.760503335133571490e+00 9.724447749918447848e-01 1.933029241629101794e-02
7.778411071286490674e+00 9.722773640003127271e-01 1.944143629552749081e-02
7.796360130405236788e+00 9.721116657362217639e-01 1.954275256666763647e-02
7.814350607844541940e+00 9.719494296983459680e-01 1.963443716882318571e-02
7.832382599179195992e+00 9.717923145711391264e-01 1.971691488312671270e-02
7.850456200204509294e+00 9.716418629268129825e-01 1.979075340197768498e-02
7.868571506936851812e+00 9.714994781442676253e-01 1.985657515690163882e-02
7.886728615614156723e+00 9.713664038705449588e-01 1.991497302302357858e-02
7.904927622696420464e+00 9.712437063036394314e-01 1.996643580058705958e-02
7.923168624866253396e+00 9.711322595254248125e-01 2.001128876660019859e-02
7.941451719029339884e+00 9.710327340609212765e-01 2.004965359518306664e-02
7.959777002314986305e+00 9.709455887861565548e-01 2.008143061417630784e-02
7.978144572076629082e+00 9.708710662522693768e-01 2.010630479642253055e-02
7.996554525892346277e+00 9.708091914391699939e-01 2.012377521129822197e-02
8.015006961565404708e+00 9.707597738988903435e-01 2.013320603521383950e-02
8.033501977124734239e+00 9.707224131973934966e-01 2.013389577882078799e-02
8.052039670825477558e+00 9.706965075150351119e-01 2.012516024104619647e-02
8.070620141149507987e+00 9.706812652204968028e-01 2.010642390608087179e-02
8.089243486805937522e+00 9.706757191916325356e-01 2.007731406842660701e-02
8.107909806731687041e+00 9.706787436197974461e-01 2.003775186879840423e-02
8.126619200091944606e+00 9.706890730021038305e-01 1.998803458777083375e-02
8.145371766280744552e+00 9.707053229993647392e-01 1.992890390383494567e-02
8.164167604921471977e+00 9.707260128161506740e-01 1.986159531836465333e-02
8.183006815867388539e+00 9.707495887437856963e-01 1.978786454929026481e-02
8.201889499202202671e+00 9.707744484972512522e-01 1.970998740254696277e-02
8.220815755240540312e+00 9.707989659728414322e-01 1.963073048950903648e-02
8.239785684528520449e+00 9.708215160548567813e-01 1.955329124566573817e-02
8.258799387844272033e+00 9.708404991066258427e-01 1.948120711012264056e-02
8.277856966198472222e+00 9.708543647932024179e-01 1.941823551829561026e-02
8.296958520834907702e+00 9.708616349000978030e-01 1.936820855174810688e-02
8.316104153230961415e+00 9.708609248338578857e-01 1.933486858248551626e-02
8.335293965098195201e+00 9.708509635157881457e-01 1.932169380439140161e-02
8.354528058382872047e+00 9.708306114091055372e-01 1.933172477622812843e-02
8.373806535266488993e+00 9.707988764519296376e-01 1.936740452662653184e-02
8.393129498166365110e+00 9.707549277029526857e-01 1.943044492167503648e-02
8.412497049736119337e+00 9.706981065431306011e-01 1.952173055975690505e-02
8.431909292866260230e+00 9.706279353144302569e-01 1.964126842374584736e-02
8.451366330684720651e+00 9.705441233152031222e-01 1.978818723935856991e-02
8.470868266557401327e+00 9.704465701104207920e-01 1.996078562633267495e-02
8.490415204088748169e+00 9.703353661533462571e-01 2.015662350264845956e-02
8.510007247122246099e+00 9.702107907525856501e-01 2.037264755796582352e-02
8.529644499741024788e+00 9.700733074545349055e-01 2.060533943589587177e-02
8.549327066268384456e+00 9.699235569453403816e-01 2.085087468558698490e-02
8.569055051268348322e+00 9.697623476084098471e-01 2.110528136230734736e-02
8.588828559546248798e+00 9.695906439026813484e-01 2.136458896128547169e-02
8.608647696149244410e+00 9.694095527531371159e-01 2.162496067791834162e-02
8.628512566366895342e+00 9.692203081679828802e-01 2.188280437356116687e-02
8.648423275731726534e+00 9.690242543164415689e-01 2.213485978640500340e-02
8.668379930019773028e+00 9.688228273169653404e-01 2.237826129844696157e-02
8.688382635251183927e+00 9.686175359977537980e-01 2.261057690777720786e-02
8.708431497690725109e+00 9.684099418998318720e-01 2.282982499586617975e-02
8.728526623848379629e+00 9.682016387973690907e-01 2.303447109863323780e-02
8.748668120479914379e+00 9.679942320107395304e-01 2.322340727442559483e-02
8.768856094587427208e+00 9.677893177848848616e-01 2.339591688893693372e-02
8.789090653419954435e+00 9.675884629991406971e-01 2.355162776479937173e-02
8.809371904473989545e+00 9.673931854649499007e-01 2.369045670874110956e-02
8.829699955494092478e+00 9.672049350551064073e-01 2.381254844870707085e-02
8.850074914473438525e+00 9.670250758924422430e-01 2.391821198849409733e-02
8.870496889654402750e+00 9.668548698077354953e-01 2.400785730924067524e-02
8.890965989529158620e+00 9.666954612561365900e-01 2.408193520163999513e-02
8.911482322840202031e+00 9.665478638590805360e-01 2.414088278648803335e-02
8.932045998580967705e+00 9.664129487147243847e-01 2.418507696549371602e-02
8.952657125996399401e+00 9.662914345948597772e-01 2.421479763885305697e-02
8.973315814583520122e+00 9.661838801202554672e-01 2.423020204087301607e-02
8.994022174092044963e+00 9.660906779799149913e-01 2.423131100028328572e-02
9.014776314524917566e+00 9.660120512331289433e-01 2.421800735689215792e-02
9.035578346138930073e+00 9.659480517067535743e-01 2.419004619548578358e-02
9.056428379445295107e+00 9.658985604742489350e-01 2.414707602707779829e-02
9.077326525210223096e+00 9.658632903778999745e-01 2.408866958915559242e-02
9.098272894455558202e+00 9.658417905316899477e-01 2.401436257545169067e-02
9.119267598459298796e+00 9.658334527196379415e-01 2.392369835688423069e-02
9.140310748756231618e+00 9.658375195834814075e-01 2.381627662228248676e-02
9.161402457138521527e+00 9.658530944743327629e-01 2.369180384320938165e-02
9.182542835656281710e+00 9.658791528258161563e-01 2.355014353558735132e-02
9.203731996618220279e+00 9.659145548911191037e-01 2.339136442978613853e-02
9.224970052592174952e+00 9.659580596736251357e-01 2.321578484519786975e-02
9.246257116405741883e+00 9.660083398703978030e-01 2.302401176994394588e-02
9.267593301146883178e+00 9.660639976397117357e-01 2.281697334864888488e-02
9.288978720164497105e+00 9.661235809982943179e-01 2.259594366317123695e-02
9.310413487069075344e+00 9.661856006507072436e-01 2.236255884094340632e-02
9.331897715733239451e+00 9.662485470525311593e-01 2.211882363861281814e-02
9.353431520292385670e+00 9.663109075105437151e-01 2.186710772882285991e-02
9.375015015145288899e+00 9.663711831268025909e-01 2.161013097835377123e-02
9.396648314954690662e+00 9.664279053994597746e-01 2.135093706956889617e-02
9.418331534647951031e+00 9.664796523009582252e-01 2.109285491739200380e-02
9.440064789417602853e+00 9.665250636639731718e-01 2.083944751290118733e-02
9.461848194722001892e+00 9.665628557168064461e-01 2.059444812919627305e-02
9.483681866285927242e+00 9.665918346228064006e-01 2.036168430051091965e-02
9.505565920101190613e+00 9.666109088924998982e-01 2.014499066294383328e-02
9.527500472427290035e+00 9.666191005523709912e-01 1.994811262698769488e-02
9.549485639791965852e+00 9.666155549703351335e-01 1.977460389477962016e-02
9.571521538991865086e+00 9.665995492547548862e-01 1.962772193653334468e-02
9.593608287093147169e+00 9.665704991611195895e-01 1.951032653844844700e-02
9.615746001432095014e+00 9.665279644580156981e-01 1.942478722244601885e-02
9.637934799615784698e+00 9.664716527216499209e-01 1.937290550556209148e-02
9.660174799522645017e+00 9.664014215456028234e-01 1.935585745418304943e-02
9.682466119303123619e+00 9.663172791696459374e-01 1.937416074547261211e-02
9.704808877380306953e+00 9.662193835480974435e-01 1.942766857344028000e-02
9.727203192450536662e+00 9.661080398941106484e-01 1.951559047551820400e-02
9.749649183484086379e+00 9.659836967515219586e-01 1.963653785227136364e-02
9.772146969725724830e+00 9.658469406599973217e-01 1.978858997011908455e-02
9.794696670695396179e+00 9.656984894923804630e-01 1.996937486437734208e-02
9.817298406188839976e+00 9.655391845550806984e-01 2.017615894938988227e-02
9.839952296278227095e+00 9.653699815529549477e-01 2.040593928726036274e-02
9.862658461312820535e+00 9.651919405295079635e-01 2.065553322653370175e-02
9.885417021919572278e+00 9.650062149011159329e-01 2.092166127869404813e-02
9.908228099003798306e+00 9.648140397104324473e-01 2.120102041923864131e-02
9.931091813749800323e+00 9.646167192291928982e-01 2.149034628084525375e-02
9.954008287621517681e+00 9.644156140441317859e-01 2.178646380954388229e-02
9.976977642363200616e+00 9.642121277618324049e-01 2.208632680815698218e-02
1.000000000000000000e+01 9.640076934689854049e-01 2.238704737832130504e-02
