1.002599999999999714e+00 9.909977755555557932e-01 6.204739818621345972e-03
1.004910935916308423e+00 9.909948997241925239e-01 6.151130120118059909e-03
1.007227198408329638e+00 9.909948774397200344e-01 6.198555387893618825e-03
1.009548799753516857e+00 9.910212147172038355e-01 6.238218381649979216e-03
1.011875752257622718e+00 9.910412541374077344e-01 6.356303417804199871e-03
1.014208068254764283e+00 9.910282449970678753e-01 6.443444184201591041e-03
1.016545760107486096e+00 9.910100332783819965e-01 6.566845782561054126e-03
1.018888840206831459e+00 9.909747569057754113e-01 6.620034598076451546e-03
1.021237320972401053e+00 9.909467396630406988e-01 6.686661983423670616e-03
1.023591214852422882e+00 9.909347348042529813e-01 6.701343442119330959e-03
1.025950534323817775e+00 9.909188262072057274e-01 6.732344433062665938e-03
1.028315291892264671e+00 9.908971229877443498e-01 6.750567633252245632e-03
1.030685500092268114e+00 9.908442437800634162e-01 6.774671253279231260e-03
1.033061171487222873e+00 9.907600658236366264e-01 6.808296332962002727e-03
1.035442318669482775e+00 9.906673764708178176e-01 6.826875072227623666e-03
1.037828954260425540e+00 9.905690470844694673e-01 6.857707106122513767e-03
1.040221090910520507e+00 9.905176489454347033e-01 6.801710211545780767e-03
1.042618741299395468e+00 9.904845613700682394e-01 6.756971415166582173e-03
1.045021918135905725e+00 9.904881739740410973e-01 6.645407760380001028e-03
1.047430634158197815e+00 9.904987455610276825e-01 6.589477050562455966e-03
1.049844902133779456e+00 9.904904520255096712e-01 6.524040310682406064e-03
1.052264734859587048e+00 9.904803497591676553e-01 6.517997838405024426e-03
1.054690145162052506e+00 9.904601919046533975e-01 6.518643769494121380e-03
1.057121145897172987e+00 9.904448877383988936e-01 6.557588115235694730e-03
1.059557749950577277e+00 9.904438589500215162e-01 6.572467616296736974e-03
1.061999970237594848e+00 9.904420278141546907e-01 6.602869772511198165e-03
1.064447819703324694e+00 9.904390359981402048e-01 6.624174815698943321e-03
1.066901311322703272e+00 9.904200467669562746e-01 6.665151075907853155e-03
1.069360458100572231e+00 9.903889795459959178e-01 6.738930693416866208e-03
1.071825273071751905e+00 9.903485723858171941e-01 6.826760545500581631e-03
1.074295769301104375e+00 9.903048171526012133e-01 6.974730620180328265e-03
1.076771959883606300e+00 9.902679284097045675e-01 7.049976266762671313e-03
1.079253857944417305e+00 9.902324229432963865e-01 7.163377617967818696e-03
1.081741476638949928e+00 9.902042299314254281e-01 7.161630132367991126e-03
1.084234829152939339e+00 9.901800869795225335e-01 7.191192850486913431e-03
1.086733928702512619e+00 9.901657588087728890e-01 7.180806756279459711e-03
1.089238788534260038e+00 9.901583898854638965e-01 7.171608789558615860e-03
1.091749421925303665e+00 9.901581667180516799e-01 7.159592569537283867e-03
1.094265842183369086e+00 9.901431295823783785e-01 7.115096350513089481e-03
1.096788062646854023e+00 9.901217467577824172e-01 7.101920573306470287e-03
1.099316096684904487e+00 9.900543015261865643e-01 7.035255169000349980e-03
1.101849957697476956e+00 9.899793076936960201e-01 7.021615533977935801e-03
1.104389659115416755e+00 9.898842946417599764e-01 7.020960572391148936e-03
1.106935214400525114e+00 9.897955986996817002e-01 7.076463913333256098e-03
1.109486637045632884e+00 9.897179787529889472e-01 7.160245360400582619e-03
1.112043940574670708e+00 9.896454979142741415e-01 7.244971886250397078e-03
1.114607138542740961e+00 9.895763485290918204e-01 7.370206736195440353e-03
1.117176244536190577e+00 9.894924347396254483e-01 7.482628299645881741e-03
1.119751272172681222e+00 9.894053833930871455e-01 7.650329919933312670e-03
1.122332235101263009e+00 9.893153364642445213e-01 7.794022436952268915e-03
1.124919147002445330e+00 9.892335994112484432e-01 7.965572194582151364e-03
1.127512021588273239e+00 9.891671642024164601e-01 8.129080066318062486e-03
1.130110872602394734e+00 9.891019003594604397e-01 8.241808179598682921e-03
1.132715713820136472e+00 9.890373002972607797e-01 8.346915347833640253e-03
1.135326559048576600e+00 9.889292514866362405e-01 8.382574175183293494e-03
1.137943422126618032e+00 9.888070333827978509e-01 8.474139034952444041e-03
1.140566316925061718e+00 9.886421990163540841e-01 8.606786384320812971e-03
1.143195257346679705e+00 9.884786713570028471e-01 8.795220290096786298e-03
1.145830257326288848e+00 9.883167945249214936e-01 9.033475651375045060e-03
1.148471330830825643e+00 9.881892838059342932e-01 9.210501855597092585e-03
1.151118491859418835e+00 9.880749873746562661e-01 9.402224035153538759e-03
1.153771754443464026e+00 9.879963328793865962e-01 9.383449894409638670e-03
1.156431132646701609e+00 9.879205905195553861e-01 9.356430059641129490e-03
1.159096640565283831e+00 9.878504284277866976e-01 9.262972278295171155e-03
1.161768292327856500e+00 9.877776879502113694e-01 9.203931055346547055e-03
1.164446102095629154e+00 9.877035423730851083e-01 9.211285379636348011e-03
1.167130084062453665e+00 9.876313796412417023e-01 9.218105680673025631e-03
1.169820252454897735e+00 9.875573807542314952e-01 9.261352501276317803e-03
1.172516621532319725e+00 9.874704977506254533e-01 9.215557319456805715e-03
1.175219205586945481e+00 9.873839292623347585e-01 9.156648642669339491e-03
1.177928018943943833e+00 9.872977889975824706e-01 9.076104773265886855e-03
1.180643075961502086e+00 9.872266422117954576e-01 9.003012938328804754e-03
1.183364391030902185e+00 9.871614279849422191e-01 8.982278997803364029e-03
1.186091978576596428e+00 9.871092401432348673e-01 9.007296898495014206e-03
1.188825853056287407e+00 9.870455591386401162e-01 9.082402310501046586e-03
1.191566028960999057e+00 9.869696258196811733e-01 9.212770359562486022e-03
1.194312520815157486e+00 9.868411517296187263e-01 9.295844219747216239e-03
1.197065343176666685e+00 9.866927262669392684e-01 9.403096840472132539e-03
1.199824510636984920e+00 9.865059306298753494e-01 9.450034133583733870e-03
1.202590037821204438e+00 9.863259302780486015e-01 9.508794796127373328e-03
1.205361939388126524e+00 9.861508692946432397e-01 9.606776782258314579e-03
1.208140230030340323e+00 9.860321697512917094e-01 9.664731148506080019e-03
1.210924924474300557e+00 9.859342899999344878e-01 9.739764020045211732e-03
1.213716037480404353e+00 9.858726994395996535e-01 9.760711586967682832e-03
1.216513583843074731e+00 9.858276125429658032e-01 9.697845164257970149e-03
1.219317578390830770e+00 9.857897501793202455e-01 9.631680084336119788e-03
1.222128035986372208e+00 9.857583355088630483e-01 9.504863751881417050e-03
1.224944971526656268e+00 9.857334792431627912e-01 9.420640653945872370e-03
1.227768399942976485e+00 9.857148759870426602e-01 9.382250631899615931e-03
1.230598336201042420e+00 9.857006181526151156e-01 9.350471176644233051e-03
1.233434795301058928e+00 9.856770703381948495e-01 9.361971823863571296e-03
1.236277792277805432e+00 9.856337936064383243e-01 9.389435088272182761e-03
1.239127342200715409e+00 9.855476811831784811e-01 9.443441289722010606e-03
1.241983460173956777e+00 9.854395926968088082e-01 9.563368589754319207e-03
1.244846161336511381e+00 9.852956624439144218e-01 9.733006383775390583e-03
1.247715460862254711e+00 9.851549266650863057e-01 9.943749150510250087e-03
1.250591373960040720e+00 9.850173300794522468e-01 1.019482901077286771e-02
1.253473915873775102e+00 9.849125977232534579e-01 1.038471951787600482e-02
1.256363101882500999e+00 9.848155602470076708e-01 1.057395717992073297e-02
1.259258947300479603e+00 9.847272047856986399e-01 1.075486509558481844e-02
1.262161467477269428e+00 9.846205181193767864e-01 1.088284435890309911e-02
1.265070677797810239e+00 9.845033269172397405e-01 1.101376479021696185e-02
1.267986593682501884e+00 9.843710415332702635e-01 1.112086814079612726e-02
1.270909230587288219e+00 9.842545663147295176e-01 1.116546000496294010e-02
1.273838604003737718e+00 9.841607668626989325e-01 1.120947049681768337e-02
1.276774729459125179e+00 9.841154852834524958e-01 1.122523902233672419e-02
1.279717622516518327e+00 9.841237411573939831e-01 1.123618662037584488e-02
1.282667298774853082e+00 9.841548419885242094e-01 1.127549314655056784e-02
1.285623773869021713e+00 9.842039851745343348e-01 1.131338343025097178e-02
1.288587063469953664e+00 9.842300984178671275e-01 1.133875772446304823e-02
1.291557183284698596e+00 9.842371538288832156e-01 1.137384090948965858e-02
1.294534149056510985e+00 9.842035141156615374e-01 1.136558455092179405e-02
1.297517976564931841e+00 9.841558055606323130e-01 1.133612349502105890e-02
1.300508681625873297e+00 9.841049827622058155e-01 1.131994217861881369e-02
1.303506280091702774e+00 9.840721757123289670e-01 1.127999875036903715e-02
1.306510787851325350e+00 9.840619926047036170e-01 1.124677105495382710e-02
1.309522220830270589e+00 9.840654146845215777e-01 1.123552008594567650e-02
1.312540594990772913e+00 9.840802382553988092e-01 1.119397811655175809e-02
1.315565926331863311e+00 9.840819199747135038e-01 1.113074140265894393e-02
1.318598230889445944e+00 9.840709784660398585e-01 1.107202058178237587e-02
1.321637524736387181e+00 9.840335276118596930e-01 1.099184433739205415e-02
1.324683823982601538e+00 9.839789566085284100e-01 1.093497346316944785e-02
1.327737144775135381e+00 9.839163211963896094e-01 1.092583418583688813e-02
1.330797503298253304e+00 9.838497754005044449e-01 1.095651425623477351e-02
1.333864915773523618e+00 9.837878060518940870e-01 1.100681387481548291e-02
1.336939398459903838e+00 9.837286573256368571e-01 1.108403491569311464e-02
1.340020967653828832e+00 9.836729151628843537e-01 1.116328417671416488e-02
1.343109639689293200e+00 9.836217650658585221e-01 1.118568049779410274e-02
1.346205430937944980e+00 9.835701287287527128e-01 1.121986718460814096e-02
1.349308357809164027e+00 9.835141726141742868e-01 1.119538122308009684e-02
1.352418436750154163e+00 9.834591086416781813e-01 1.112595258553107126e-02
1.355535684246028660e+00 9.834029215981613392e-01 1.107412778335651118e-02
1.358660116819899066e+00 9.833440086861852114e-01 1.104945904825131546e-02
1.361791751032960240e+00 9.832668756404986388e-01 1.108516639737439254e-02
1.364930603484580951e+00 9.831704451327505367e-01 1.119773832775456182e-02
1.368076690812389806e+00 9.830525518254584760e-01 1.138698283608665339e-02
1.371230029692364960e+00 9.828943242878810382e-01 1.160666084245334621e-02
1.374390636838921154e+00 9.827203338581388392e-01 1.185058541045175273e-02
1.377558529004998755e+00 9.825355691413746317e-01 1.210643546218666093e-02
1.380733722982151690e+00 9.823503494927069424e-01 1.229686042369934965e-02
1.383916235600641587e+00 9.821788513250911956e-01 1.241830314576950443e-02
1.387106083729518602e+00 9.820168627042936693e-01 1.251792324383596729e-02
1.390303284276716900e+00 9.818647114826979383e-01 1.260859221594060747e-02
1.393507854189141471e+00 9.817025844277941227e-01 1.271529016888848888e-02
1.396719810452759836e+00 9.815197513538186369e-01 1.288178024002721925e-02
1.399939170092691088e+00 9.813132547576074449e-01 1.310231350159526270e-02
1.403165950173296039e+00 9.810675175279136573e-01 1.332592509169038680e-02
1.406400167798268042e+00 9.808055327916141986e-01 1.352852796999815151e-02
1.409641840110723132e+00 9.805461097463473719e-01 1.372137234873833933e-02
1.412890984293291741e+00 9.803019907134301603e-01 1.389296666593391356e-02
1.416147617568207506e+00 9.801255423542148959e-01 1.398954085246122830e-02
1.419411757197404977e+00 9.800056472457849832e-01 1.407263206427652319e-02
1.422683420482601546e+00 9.799410785030255866e-01 1.414134207615403219e-02
1.425962624765396480e+00 9.799404955333748113e-01 1.417499241563494917e-02
1.429249387427359519e+00 9.799735148441254262e-01 1.417969918379912569e-02
1.432543725890124353e+00 9.800082362453624851e-01 1.419455353323440319e-02
1.435845657615480553e+00 9.800323413451894616e-01 1.422297585017600306e-02
1.439155200105466159e+00 9.800131092260535581e-01 1.422687375506196707e-02
1.442472370902459833e+00 9.799454567206531408e-01 1.422265016319086174e-02
1.445797187589275667e+00 9.798380335621209580e-01 1.422379563396712621e-02
1.449129667789253784e+00 9.796926390301643472e-01 1.423306825682643315e-02
1.452469829166354476e+00 9.795068889446925109e-01 1.424277634302248755e-02
1.455817689425256578e+00 9.793057744951103594e-01 1.428606637841168744e-02
1.459173266311442507e+00 9.790954825730385780e-01 1.436502003531937681e-02
1.462536577611299515e+00 9.788809431613826328e-01 1.448136955135048524e-02
1.465907641152210283e+00 9.786729485409084717e-01 1.460664102741556988e-02
1.469286474802649067e+00 9.784788538906576960e-01 1.476383421701909018e-02
1.472673096472276066e+00 9.783040754134160188e-01 1.495295084270990317e-02
1.476067524112031792e+00 9.781543090569132515e-01 1.516582086280196182e-02
1.479469775714233437e+00 9.780565132247477367e-01 1.533943946666611879e-02
1.482879869312668797e+00 9.780022551311179368e-01 1.548885955172430058e-02
1.486297822982692196e+00 9.779896010647095572e-01 1.560544156725264010e-02
1.489723654841320410e+00 9.780170255818798619e-01 1.568182189688037409e-02
1.493157383047332143e+00 9.780857382985361781e-01 1.567922343644777283e-02
1.496599025801357064e+00 9.781691061824502320e-01 1.564196910354477554e-02
1.500048601345978172e+00 9.782524386701498820e-01 1.559613525990386461e-02
1.503506127965825501e+00 9.783251634054204171e-01 1.555946714799228379e-02
1.506971623987674924e+00 9.783704458867720222e-01 1.554913076719259719e-02
1.510445107780544749e+00 9.783775561575441815e-01 1.559358037683856828e-02
1.513926597755791859e+00 9.783584092281246702e-01 1.570897640619587851e-02
1.517416112367210967e+00 9.783062483815764265e-01 1.590649469707569597e-02
1.520913670111131433e+00 9.782171383826129274e-01 1.615321477519860230e-02
1.524419289526516286e+00 9.780996356279679782e-01 1.640390443616047272e-02
1.527932989195058600e+00 9.779614754507397478e-01 1.663890751874317481e-02
1.531454787741280299e+00 9.778051033144626869e-01 1.684395530586606932e-02
1.534984703832636965e+00 9.776326473027547870e-01 1.701446128401152419e-02
1.538522756179606210e+00 9.774424540010079321e-01 1.712316114632981764e-02
1.542068963535793813e+00 9.772407573947270443e-01 1.722890704124615743e-02
1.545623344698031643e+00 9.770294997132762393e-01 1.733998349983208176e-02
1.549185918506477577e+00 9.768101146124543721e-01 1.745639914615550528e-02
1.552756703844714314e+00 9.765826952618013035e-01 1.756270604336151314e-02
1.556335719639850845e+00 9.763471536944243745e-01 1.763191428673470396e-02
1.559922984862621487e+00 9.761043755369100960e-01 1.768449914470323486e-02
1.563518518527487133e+00 9.758541333326955503e-01 1.772245882266021075e-02
1.567122339692734734e+00 9.755961521818220517e-01 1.775269479477711854e-02
1.570734467460583872e+00 9.753291758050240956e-01 1.777966955271831351e-02
1.574354920977279138e+00 9.750564025738143181e-01 1.781532561117341387e-02
1.577983719433197374e+00 9.747826447640887126e-01 1.788380338923964072e-02
1.581620882062948485e+00 9.745125137662153936e-01 1.799100319428809797e-02
1.585266428145476914e+00 9.742512268064680292e-01 1.814027209613639294e-02
1.588920377004163997e+00 9.740051130511203636e-01 1.832970570497263058e-02
1.592582748006930560e+00 9.737838297201159010e-01 1.853570166189960622e-02
1.596253560566338825e+00 9.735836515239761901e-01 1.875313682431540077e-02
1.599932834139696336e+00 9.734034194798159012e-01 1.896965212191122768e-02
1.603620588229158761e+00 9.732410399022074499e-01 1.917718268277335270e-02
1.607316842381832478e+00 9.730936134168302054e-01 1.937182435123510973e-02
1.611021616189877825e+00 9.729587184860639670e-01 1.954090593249514438e-02
1.614734929290618792e+00 9.728336127982812886e-01 1.970226877156937978e-02
1.618456801366636943e+00 9.727169770252119818e-01 1.987977538749690493e-02
1.622187252145883107e+00 9.726111501914525004e-01 2.008641456376446255e-02
1.625926301401779739e+00 9.725192460815443862e-01 2.033368531514356120e-02
1.629673968953325947e+00 9.724443939448740304e-01 2.062924140829205596e-02
1.633430274665202742e+00 9.723946020258263934e-01 2.096171180553578484e-02
1.637195238447877177e+00 9.723679140719626579e-01 2.131345885918039737e-02
1.640968880257710483e+00 9.723614441681404097e-01 2.166066477567018048e-02
1.644751220097060429e+00 9.723707029024517556e-01 2.197368562961668145e-02
1.648542278014388573e+00 9.723890935586767537e-01 2.222454744126524384e-02
1.652342074104371283e+00 9.724084671770273358e-01 2.239188724145331835e-02
1.656150628507997657e+00 9.724175653903245342e-01 2.244838493300392937e-02
1.659967961412681658e+00 9.724039116278763162e-01 2.240926754131863929e-02
1.663794093052368694e+00 9.723620039257063752e-01 2.231514912581448670e-02
1.667629043707641978e+00 9.722875744543572063e-01 2.218854093037253561e-02
1.671472833705830219e+00 9.721790281166754477e-01 2.205079626797947293e-02
1.675325483421115536e+00 9.720412342080422263e-01 2.192422864966564813e-02
1.679187013274641149e+00 9.718891285471125130e-01 2.182807099850269522e-02
1.683057443734620628e+00 9.716990068675740444e-01 2.175745091459131003e-02
1.686936795316444915e+00 9.714974898284726157e-01 2.173292412679031851e-02
1.690825088582791791e+00 9.712945762339173505e-01 2.174616196188566483e-02
1.694722344143733350e+00 9.710983650920722576e-01 2.177329738358156977e-02
1.698628582656851682e+00 9.709156463438284312e-01 2.178040561011718168e-02
1.702543824827338792e+00 9.707512547762843225e-01 2.173362977576277430e-02
1.706468091408111620e+00 9.706084114727449030e-01 2.160816068114824323e-02
1.710401403199922621e+00 9.704879104110069044e-01 2.138403581355429600e-02
1.714343781051468119e+00 9.703849651862752612e-01 2.111768674453043393e-02
1.718295245859499332e+00 9.702956022140208914e-01 2.084716443309807959e-02
1.722255818568934060e+00 9.702179442313468849e-01 2.060854839488438298e-02
1.726225520172966155e+00 9.701506920240151599e-01 2.042572376610292395e-02
1.730204371713177869e+00 9.700935235746386276e-01 2.030709739809524045e-02
1.734192394279649330e+00 9.700476915813202039e-01 2.024761381085944667e-02
1.738189609011077996e+00 9.700148145955452827e-01 2.023152244642418413e-02
1.742196037094878136e+00 9.699950495503314452e-01 2.023259456094818332e-02
1.746211699767302949e+00 9.699864152882246016e-01 2.022675790207124902e-02
1.750236618313553372e+00 9.699836053526738056e-01 2.020127054008558423e-02
1.754270814067891537e+00 9.699798365967639002e-01 2.014768326939516546e-02
1.758314308413753579e+00 9.699673598976005229e-01 2.006694500466902481e-02
1.762367122783864204e+00 9.699384553476042559e-01 1.996890338151913885e-02
1.766429278660347935e+00 9.698873657862702169e-01 1.986858962432230466e-02
1.770500797574845908e+00 9.698114031779069277e-01 1.978086410006200252e-02
1.774581701108626675e+00 9.697110517646519989e-01 1.971646140566139099e-02
1.778672010892704325e+00 9.695924300536120644e-01 1.967950874673005807e-02
1.782771748607947515e+00 9.694620583942669123e-01 1.966273224752817031e-02
1.786880935985205365e+00 9.693320761798454033e-01 1.966262629549385757e-02
1.790999594805408046e+00 9.692099618722015419e-01 1.968069661756543728e-02
1.795127746899692900e+00 9.690998498717574572e-01 1.971541788575624857e-02
1.799265414149516351e+00 9.690017172792783073e-01 1.976493406212441115e-02
1.803412618486769370e+00 9.689100461788369145e-01 1.982451133622721226e-02
1.807569381893896265e+00 9.688152687796034446e-01 1.988466420861590561e-02
1.811735726404008373e+00 9.687069489352266860e-01 1.993425544783274800e-02
1.815911674101002848e+00 9.685753013573676906e-01 1.996581405176296037e-02
1.820097247119678352e+00 9.684123727891318367e-01 1.997939814121019175e-02
1.824292467645851623e+00 9.682153032926136271e-01 1.998440595298435832e-02
1.828497357916482269e+00 9.679864858917978099e-01 1.999666819115668639e-02
1.832711940219778457e+00 9.677336330895233152e-01 2.003244641939991647e-02
1.836936236895323704e+00 9.674682064484099175e-01 2.010109550052033983e-02
1.841170270334192782e+00 9.672022606866758077e-01 2.020096117594859589e-02
1.845414062979071179e+00 9.669685858333088024e-01 2.031432282903962439e-02
1.849667637324372560e+00 9.667299653556484795e-01 2.045517210795370910e-02
1.853931015916360225e+00 9.664965333757948862e-01 2.060876976523279627e-02
1.858204221353264129e+00 9.662692772063556923e-01 2.075928069440373391e-02
1.862487276285401894e+00 9.660391092608646701e-01 2.089659669940679976e-02
1.866780203415300043e+00 9.657954233679929557e-01 2.101199495722701552e-02
1.871083025497812136e+00 9.655295227768263544e-01 2.110092921940799615e-02
1.875395765340237997e+00 9.652373529953004461e-01 2.116853079658114617e-02
1.879718445802454285e+00 9.649205825852723573e-01 2.123063473222190981e-02
1.884051089797021072e+00 9.645875373391430418e-01 2.130980292561945877e-02
1.888393720289313515e+00 9.642522060020702890e-01 2.142860014301854743e-02
1.892746360297640207e+00 9.639308480785970801e-01 2.160059668077394385e-02
1.897109032893365521e+00 9.636415490595104938e-01 2.182392954738343258e-02
1.901481761201032405e+00 9.633972817240544773e-01 2.208392319584472768e-02
1.905864568398484282e+00 9.632062845186365463e-01 2.235822686300182466e-02
1.910257477716988506e+00 9.630709266336203722e-01 2.262621955906877688e-02
1.914660512441358486e+00 9.629850362094124483e-01 2.287524612885643086e-02
1.919073695910076705e+00 9.629387560228532816e-01 2.310026089131971688e-02
1.923497051515424383e+00 9.629178785778439442e-01 2.330284682894287820e-02
1.927930602703595842e+00 9.629086519406895306e-01 2.348661497568801243e-02
1.932374372974829058e+00 9.629021805391552169e-01 2.365230463011756823e-02
1.936828385883528458e+00 9.628922633581149526e-01 2.379722572241601414e-02
1.941292665038390153e+00 9.628803854034189147e-01 2.391597429289048921e-02
1.945767234102526944e+00 9.628716539243729056e-01 2.400169869093140076e-02
1.950252116793594448e+00 9.628745913982430515e-01 2.405067660778714353e-02
1.954747336883914777e+00 9.628991339140371419e-01 2.406111919156875278e-02
1.959252918200605098e+00 9.629515581480154740e-01 2.403748718175258842e-02
1.963768884625702205e+00 9.630345741442662977e-01 2.398764694425518235e-02
1.968295260096289745e+00 9.631447861767182816e-01 2.392312038490177623e-02
1.972832068604624567e+00 9.632733771961615732e-01 2.385601898784107250e-02
1.977379334198263061e+00 9.634079123500096653e-01 2.379577411145729349e-02
1.981937080980195276e+00 9.635327659964635361e-01 2.374951137753483418e-02
1.986505333108961491e+00 9.636346045891273082e-01 2.372044960567283936e-02
1.991084114798788107e+00 9.637002460199739495e-01 2.371078685785055207e-02
1.995673450319713771e+00 9.637248592357924304e-01 2.372204365115987423e-02
2.000273363997718601e+00 9.637059445536253488e-01 2.375627847892963773e-02
2.004883880214851644e+00 9.636495553201978037e-01 2.381549154775883248e-02
2.009505023409362767e+00 9.635633501495796116e-01 2.389896696616180052e-02
2.014136818075829449e+00 9.634582348005825692e-01 2.400583332727403499e-02
2.018779288765285784e+00 9.633470195174331785e-01 2.412917883756157331e-02
2.023432460085361484e+00 9.632413087939464269e-01 2.426006520182464460e-02
2.028096356700398228e+00 9.631304530672314401e-01 2.441225769766051934e-02
2.032771003331590887e+00 9.630251986164078959e-01 2.457405250035911426e-02
2.037456424757114082e+00 9.629235559552355994e-01 2.474330747520085347e-02
2.042152645812255862e+00 9.628212061747740691e-01 2.491803344023821656e-02
2.046859691389546931e+00 9.627137633243549875e-01 2.509619876286476453e-02
2.051577586438895207e+00 9.625969904154138002e-01 2.527478937423472197e-02
2.056306355967715938e+00 9.624690145187757562e-01 2.544989630273378906e-02
2.061046025041064489e+00 9.623307778029319692e-01 2.561849113946513407e-02
2.065796618781771343e+00 9.621857277002701103e-01 2.577848190136414891e-02
2.070558162370572663e+00 9.620397061497883984e-01 2.592703364609442312e-02
2.075330681046243964e+00 9.618980980529115987e-01 2.606069206904457550e-02
2.080114200105734223e+00 9.617665075438185385e-01 2.617793138209520420e-02
2.084908744904305777e+00 9.616478412208205873e-01 2.627714596472374015e-02
2.089714340855657770e+00 9.615427043675657259e-01 2.636010463922669120e-02
2.094531013432067379e+00 9.614470152245084833e-01 2.643260978794230096e-02
2.099358788164525702e+00 9.613557815365376680e-01 2.650398389271753710e-02
2.104197690642869656e+00 9.612606597359076854e-01 2.659288952071050399e-02
2.109047746515920085e+00 9.611557916908287647e-01 2.671763161904001233e-02
2.113908981491616323e+00 9.610367119904723587e-01 2.688837141667314509e-02
2.118781421337154747e+00 9.609028418776661695e-01 2.711014668624902105e-02
2.123665091879118894e+00 9.607572981884989760e-01 2.737792798238187011e-02
2.128560019003629566e+00 9.606078263097004299e-01 2.767742014736229370e-02
2.133466228656466068e+00 9.604638658604248702e-01 2.798726447163460418e-02
2.138383746843214528e+00 9.603382637151426371e-01 2.828418661066366829e-02
2.143312599629401127e+00 9.602418259623090036e-01 2.854689591445962182e-02
2.148252813140632433e+00 9.601836531389571494e-01 2.875799814366664445e-02
2.153204413562732622e+00 9.601707196998309213e-01 2.890346958955849338e-02
2.158167427141883365e+00 9.602038430674159075e-01 2.897858248159685193e-02
2.163141880184761057e+00 9.602737456571511787e-01 2.899374716694798002e-02
2.168127799058679361e+00 9.603702647196360465e-01 2.895787077743036328e-02
2.173125210191725554e+00 9.604803589099931704e-01 2.888155214568878873e-02
2.178134140072902625e+00 9.605892669415312390e-01 2.877601694872654325e-02
2.183154615252268727e+00 9.606833753566705880e-01 2.865395821648043101e-02
2.188186662341077060e+00 9.607473164191290271e-01 2.853578692887282636e-02
2.193230308011924201e+00 9.607857068670101475e-01 2.842011893899457076e-02
2.198285578998879775e+00 9.607926975544106574e-01 2.832194034095599985e-02
2.203352502097634780e+00 9.607666913139419895e-01 2.824940893948835186e-02
2.208431104165643699e+00 9.607173215884381445e-01 2.820590080833397170e-02
2.213521412122266163e+00 9.606556942568894586e-01 2.818730421102515898e-02
2.218623452948908170e+00 9.605920354375534487e-01 2.817912720257718245e-02
2.223737253689168192e+00 9.605348846312823374e-01 2.816340250521733729e-02
2.228862841448976617e+00 9.604906813910331076e-01 2.812177284276920139e-02
2.234000243396742302e+00 9.604616765472718809e-01 2.804220960027035969e-02
2.239149486763494679e+00 9.604469372255242110e-01 2.792094671671880440e-02
2.244310598843033411e+00 9.604416866207327041e-01 2.776408542113805583e-02
2.249483606992064733e+00 9.604366135693253037e-01 2.760417411811110638e-02
2.254668538630350660e+00 9.604218216633836347e-01 2.746632353765108420e-02
2.259865421240855543e+00 9.603892950102107529e-01 2.737381067191840822e-02
2.265074282369889058e+00 9.603321980413597192e-01 2.734480255854234917e-02
2.270295149627255871e+00 9.602477324563372107e-01 2.738629143211984002e-02
2.275528050686396853e+00 9.601319237443142196e-01 2.749317093114409319e-02
2.280773013284540962e+00 9.599911280120911883e-01 2.765176096921970195e-02
2.286030065222847796e+00 9.598327950515180840e-01 2.784394614103611471e-02
2.291299234366559023e+00 9.596646957560007740e-01 2.804630778474892158e-02
2.296580548645143161e+00 9.594968046628131741e-01 2.823520184201358529e-02
2.301874036052441674e+00 9.593361887156223178e-01 2.838874340289075995e-02
2.307179724646827967e+00 9.591923496136248728e-01 2.847777081327816651e-02
2.312497642551341936e+00 9.590672666969658477e-01 2.850566246687903996e-02
2.317827817953846736e+00 9.589620372464893183e-01 2.848018193901059522e-02
2.323170279107176661e+00 9.588745833777196914e-01 2.841414597092765601e-02
2.328525054329288579e+00 9.588008851143746680e-01 2.832635709590582834e-02
2.333892172003409815e+00 9.587364184563612612e-01 2.823310151469557439e-02
2.339271660578189582e+00 9.586756019763417180e-01 2.815471653894527707e-02
2.344663548567849976e+00 9.586138086000417502e-01 2.811014355437941106e-02
2.350067864552335184e+00 9.585489175281574070e-01 2.810450678958019768e-02
2.355484637177464258e+00 9.584858454434329600e-01 2.813307477662396403e-02
2.360913895155089204e+00 9.584165751033074665e-01 2.819551779271892156e-02
2.366355667263233986e+00 9.583479485447393698e-01 2.827640917736273449e-02
2.371809982346257062e+00 9.582850527452348999e-01 2.837065750530792796e-02
2.377276869315001928e+00 9.582318678205455909e-01 2.846743487759094762e-02
2.382756357146948556e+00 9.581919663055284975e-01 2.855396752490744691e-02
2.388248474886369710e+00 9.581686303535243976e-01 2.861281359151501835e-02
2.393753251644482827e+00 9.581620209257496468e-01 2.862340897662668526e-02
2.399270716599605890e+00 9.581682685048596992e-01 2.859363801192964585e-02
2.404800898997309311e+00 9.581829260503034185e-01 2.852475173947415302e-02
2.410343828150574907e+00 9.582008846328970986e-01 2.842382417489343685e-02
2.415899533439948677e+00 9.582139995075195094e-01 2.829461476360783587e-02
2.421468044313694001e+00 9.582155039483002401e-01 2.816496150356242317e-02
2.427049390287959518e+00 9.582005557315337319e-01 2.805417275393165891e-02
2.432643600946917228e+00 9.581654764732873142e-01 2.797313952700163434e-02
2.438250705942934360e+00 9.581073990227305659e-01 2.792586715469721689e-02
2.443870734996723026e+00 9.580284755308290379e-01 2.791556410606984423e-02
2.449503717897500543e+00 9.579333168242776253e-01 2.794068096263096004e-02
2.455149684503146634e+00 9.578274293488062696e-01 2.799358048004299548e-02
2.460808664740361973e+00 9.577175904441144194e-01 2.805587250645806205e-02
2.466480688604826277e+00 9.576115976051134959e-01 2.812052460117841352e-02
2.472165786161358181e+00 9.575154215444086070e-01 2.818266602002694743e-02
2.477863987544070223e+00 9.574337284831413442e-01 2.823599213840500069e-02
2.483575322956541154e+00 9.573727172871647761e-01 2.826240085192171722e-02
2.489299822671959372e+00 9.573304321534058525e-01 2.827555091588551672e-02
2.495037517033293017e+00 9.573048435501703146e-01 2.828181868210803696e-02
2.500788436453450725e+00 9.572927045041812466e-01 2.828551327351692957e-02
2.506552611415439280e+00 9.572893324628610756e-01 2.828906210032666735e-02
2.512330072472527931e+00 9.572859601610234082e-01 2.831208706885461959e-02
2.518120850248409592e+00 9.572768577462033024e-01 2.836081321225770308e-02
2.523924975437363383e+00 9.572563415425412447e-01 2.842502061389319198e-02
2.529742478804415384e+00 9.572144319774874566e-01 2.851588439686442156e-02
2.535573391185505621e+00 9.571486666585429237e-01 2.863178159688011676e-02
2.541417743487647041e+00 9.570570127162213447e-01 2.876619283220814560e-02
2.547275566689090276e+00 9.569322277513013786e-01 2.889978578396544193e-02
2.553146891839496391e+00 9.567779370915768800e-01 2.903721259612960029e-02
2.559031750060086541e+00 9.565957068369567162e-01 2.917355956471009634e-02
2.564930172543816944e+00 9.563836766232962638e-01 2.929582047321119265e-02
2.570842190555541418e+00 9.561472327025130058e-01 2.940797833041355544e-02
2.576767835432178799e+00 9.558898825122971177e-01 2.951827326091080450e-02
2.582707138582876372e+00 9.556137109206381819e-01 2.962478015973079790e-02
2.588660131489177729e+00 9.553229534474554363e-01 2.973460797402208838e-02
2.594626845705190643e+00 9.550228316073179347e-01 2.986369135019869767e-02
2.600607312857752706e+00 9.547168758254449550e-01 3.001551532732217240e-02
2.606601564646596980e+00 9.544107070087695099e-01 3.019588069002611050e-02
2.612609632844530516e+00 9.541088803913737593e-01 3.041568255669439141e-02
2.618631549297586680e+00 9.538161566478021713e-01 3.067374922921597968e-02
2.624667345925205453e+00 9.535392939225418862e-01 3.096626400120302755e-02
2.630717054720399517e+00 9.532809140205914522e-01 3.129625016786080627e-02
2.636780707749922126e+00 9.530469563183053827e-01 3.164861374468681127e-02
2.642858337154438964e+00 9.528406621009657407e-01 3.201300027949721683e-02
2.648949975148700009e+00 9.526602573741004276e-01 3.238466584012759247e-02
2.655055654021706069e+00 9.525091923077291245e-01 3.273622512232852999e-02
2.661175406136883748e+00 9.523838253705434465e-01 3.305958005548949308e-02
2.667309263932255092e+00 9.522783407872489336e-01 3.335050187848750264e-02
2.673457259920609008e+00 9.521898051006176811e-01 3.357870810231404490e-02
2.679619426689673123e+00 9.521092406589655166e-01 3.376059798192679318e-02
2.685795796902295862e+00 9.520289687032653658e-01 3.389703094012812279e-02
2.691986403296602770e+00 9.519391076105381266e-01 3.398384502834432552e-02
2.698191278686183026e+00 9.518406395410220489e-01 3.404847257480418665e-02
2.704410455960256865e+00 9.517177860424471669e-01 3.410966001036856016e-02
2.710643968083854993e+00 9.515635652180007842e-01 3.417734803041827529e-02
2.716891848097988227e+00 9.513816310605782700e-01 3.427665398756989112e-02
2.723154129119827349e+00 9.511684869881649185e-01 3.441296326891418733e-02
2.729430844342874973e+00 9.509283349600907709e-01 3.459492045821190714e-02
2.735722027037142290e+00 9.506667628809378767e-01 3.482525344493349329e-02
2.742027710549324482e+00 9.503879030252805338e-01 3.508900706029379618e-02
2.748347928302986798e+00 9.501023816026336055e-01 3.538629311254597870e-02
2.754682713798726201e+00 9.498164926374518258e-01 3.569504601514202069e-02
2.761032100614357443e+00 9.495393555036304445e-01 3.600587682649095123e-02
2.767396122405092029e+00 9.492755628452420602e-01 3.631123251929269102e-02
2.773774812903715414e+00 9.490333215346060669e-01 3.658810950397067135e-02
2.780168205920762414e+00 9.488110904460844708e-01 3.684771040214370602e-02
2.786576335344701949e+00 9.486127461563065300e-01 3.706665975127067247e-02
2.792999235142112457e+00 9.484336094550672724e-01 3.726020896173130176e-02
2.799436939357863974e+00 9.482700509927873833e-01 3.742080219052374562e-02
2.805889482115297984e+00 9.481165576970750353e-01 3.754899553941022650e-02
2.812356897616407725e+00 9.479654915264910109e-01 3.765479264502621243e-02
2.818839220142021595e+00 9.478102750112042951e-01 3.772619638401353281e-02
2.825336484051978569e+00 9.476459114440841658e-01 3.778358359045961429e-02
2.831848723785324484e+00 9.474650021378466791e-01 3.780983185722699286e-02
2.838375973860477686e+00 9.472674794784440300e-01 3.782578923105086449e-02
2.844918268875420431e+00 9.470498421064463823e-01 3.782263500421127050e-02
2.851475643507883184e+00 9.468149573023955101e-01 3.781119973820051827e-02
2.858048132515524475e+00 9.465649892910632524e-01 3.779008257612709309e-02
2.864635770736120080e+00 9.463189597732574176e-01 3.776274548609316606e-02
2.871238593087742430e+00 9.460645444999263853e-01 3.773330466490418256e-02
2.877856634568949357e+00 9.458066148297823439e-01 3.768528638725301971e-02
2.884489930258964829e+00 9.455574734755063382e-01 3.763654667041733959e-02
2.891138515317877467e+00 9.453260572594140987e-01 3.756352219294835371e-02
2.897802424986809733e+00 9.451119994648584655e-01 3.748650022420259992e-02
2.904481694588114671e+00 9.449230809616132598e-01 3.738641892346686313e-02
2.911176359525561974e+00 9.447548964835026375e-01 3.728574822432137448e-02
2.917886455284525393e+00 9.446086324697382519e-01 3.717664984336872119e-02
2.924612017432168809e+00 9.444770716687895806e-01 3.708084112395056836e-02
2.931353081617638523e+00 9.443578269961757643e-01 3.699730389817829784e-02
2.938109683572248887e+00 9.442421614003672081e-01 3.694576657124146180e-02
2.944881859109672817e+00 9.441236674405693030e-01 3.692397391063954176e-02
2.951669644126132308e+00 9.439959611858822486e-01 3.694695039256398056e-02
2.958473074600587616e+00 9.438511585140261229e-01 3.701010864514119730e-02
2.965292186594929102e+00 9.436878899182188363e-01 3.712111883785131766e-02
2.972127016254163756e+00 9.434998329264618899e-01 3.727091408230286118e-02
2.978977599806620358e+00 9.432905511260528675e-01 3.746428384274202300e-02
2.985843973564122678e+00 9.430567379539392947e-01 3.768440831167794297e-02
2.992726173922195088e+00 9.428072229822614947e-01 3.793531332139062073e-02
2.999624237360249968e+00 9.425435045395800238e-01 3.819377583220883582e-02
3.006538200441783548e+00 9.422738243027408700e-01 3.845780210455667508e-02
3.013468099814569090e+00 9.420047781571390111e-01 3.870153585123471685e-02
3.020413972210850506e+00 9.417429829639926142e-01 3.891746909211248745e-02
3.027375854447537762e+00 9.414957078506702715e-01 3.908557733545923313e-02
3.034353783426397833e+00 9.412833173082572058e-01 3.919170385950410812e-02
3.041347796134264758e+00 9.410761250079079376e-01 3.924084773409713955e-02
3.048357929643214614e+00 9.408940765388130734e-01 3.922486232162090969e-02
3.055384221110775123e+00 9.407358892461185063e-01 3.915119485542891548e-02
3.062426707780122825e+00 9.406006758644269716e-01 3.902240547836467038e-02
3.069485426980274489e+00 9.404836321967809942e-01 3.886877211451292280e-02
3.076560416126289610e+00 9.403806403779596534e-01 3.869251888921559218e-02
3.083651712719467142e+00 9.402848263571128573e-01 3.853090470463325229e-02
3.090759354347544008e+00 9.401904884366948378e-01 3.839422573709596470e-02
3.097883378684895384e+00 9.400910489624569877e-01 3.830429774322797326e-02
3.105023823492733648e+00 9.399814447522154559e-01 3.827416448286945910e-02
3.112180726619307780e+00 9.398559219516274821e-01 3.830974719315789756e-02
3.119354126000106309e+00 9.397141013585310620e-01 3.841796754819595816e-02
3.126544059658051378e+00 9.395515690040021628e-01 3.859431829676717579e-02
3.133750565703717683e+00 9.393714210571064704e-01 3.883430631174208253e-02
3.140973682335512329e+00 9.391747465432283004e-01 3.912891638581850184e-02
3.148213447839890211e+00 9.389652032887230160e-01 3.946237138731904098e-02
3.155469900591555632e+00 9.387486112133118787e-01 3.982687465404866761e-02
3.162743079053661699e+00 9.385302377994492184e-01 4.020026945946235386e-02
3.170033021778020377e+00 9.383157907450254687e-01 4.057343053442735714e-02
3.177339767405300552e+00 9.381117081767165189e-01 4.093566225217827592e-02
3.184663354665237200e+00 9.379252753676801113e-01 4.126611354508357560e-02
3.192003822376831668e+00 9.377584716412751265e-01 4.157007145460875353e-02
3.199361209448570165e+00 9.376235147771376788e-01 4.182369917301716200e-02
3.206735554878611616e+00 9.375084957623910364e-01 4.205021680246300714e-02
3.214126897755005707e+00 9.374176811306790258e-01 4.225008512099660829e-02
3.221535277255899388e+00 9.373553773772427267e-01 4.240774171149914312e-02
3.228960732649741150e+00 9.373162062839118791e-01 4.254020121244841274e-02
3.236403303295492861e+00 9.372970826493304264e-01 4.265123843665645509e-02
3.243863028642835822e+00 9.372956815885986614e-01 4.273438089356266373e-02
3.251339948232379040e+00 9.373043172418775715e-01 4.280643601570337242e-02
3.258834101695873287e+00 9.373177495397382319e-01 4.286934369830752017e-02
3.266345528756416705e+00 9.373300918251898928e-01 4.292199549117765855e-02
3.273874269228666201e+00 9.373354667641029536e-01 4.297692030808790420e-02
3.281420363019050157e+00 9.373294508735091624e-01 4.303964964631010193e-02
3.288983850125979380e+00 9.373049515216906880e-01 4.310920508024795872e-02
3.296564770640054487e+00 9.372609599021569649e-01 4.319691010259466002e-02
3.304163164744293724e+00 9.371944044254475470e-01 4.330792519496801801e-02
3.311779072714323480e+00 9.371015197280521125e-01 4.343699914097859383e-02
3.319412534918606994e+00 9.369833406482359628e-01 4.358953279415248017e-02
3.327063591818655297e+00 9.368418146688588521e-01 4.376214046441838368e-02
3.334732283969240818e+00 9.366756894899792574e-01 4.394475814884372250e-02
3.342418652018610548e+00 9.364881781213489909e-01 4.413087061778765696e-02
3.350122736708705862e+00 9.362834508973034708e-01 4.431344872120242251e-02
3.357844578875371688e+00 9.360636295821923580e-01 4.448365508091792209e-02
3.365584219448586545e+00 9.358321936490728854e-01 4.462717760356196828e-02
3.373341699452661491e+00 9.355993192493144983e-01 4.474263354156465811e-02
3.381117060006468389e+00 9.353682172377996151e-01 4.483123318529470130e-02
3.388910342323656621e+00 9.351271235637390600e-01 4.488887444755089440e-02
3.396721587712870249e+00 9.348899757901536489e-01 4.492087487697152964e-02
3.404550837577967837e+00 9.346602226933246049e-01 4.493243339183197044e-02
3.412398133418240498e+00 9.344395739680168012e-01 4.493035084420096692e-02
3.420263516828634387e+00 9.342314111754369543e-01 4.491632193606558132e-02
3.428147029499968301e+00 9.340366814184831723e-01 4.490338921061007293e-02
3.436048713219156614e+00 9.338558511849898158e-01 4.489668170701912459e-02
3.443968609869429987e+00 9.336898414050014416e-01 4.490057445440241018e-02
3.451906761430558301e+00 9.335391427071060289e-01 4.491215975860370080e-02
3.459863209979070486e+00 9.334027397404495163e-01 4.493637455314672402e-02
3.467837997688477891e+00 9.332789936334395797e-01 4.497035121229465277e-02
3.475831166829509655e+00 9.331673374719531289e-01 4.501090855026381593e-02
3.483842759770314768e+00 9.330667233961021934e-01 4.504990898168980545e-02
3.491872818976703652e+00 9.329749585923107214e-01 4.508377170538491879e-02
3.499921387012365770e+00 9.328908501761101757e-01 4.510865143109354242e-02
3.507988506539100104e+00 9.328128629555619833e-01 4.511997622605083691e-02
3.516074220317036314e+00 9.327393100559331351e-01 4.511417461695263476e-02
3.524178571204865218e+00 9.326701273828388317e-01 4.508408927733607158e-02
3.532301602160061282e+00 9.326045616983708042e-01 4.503282013085255220e-02
3.540443356239121986e+00 9.325436738488217525e-01 4.496356715870067355e-02
3.548603876597778761e+00 9.324868966709547458e-01 4.487965526236838837e-02
3.556783206491237692e+00 9.324324495225401188e-01 4.477638855177484140e-02
3.564981389274405554e+00 9.323833560811352061e-01 4.465946089152705856e-02
3.573198468402119410e+00 9.323410871304393943e-01 4.453728433155913075e-02
3.581434487429378422e+00 9.323071872256549764e-01 4.441461311933775358e-02
3.589689490011571227e+00 9.322836342365318218e-01 4.429623649338811781e-02
3.597963519904712637e+00 9.322720675964611958e-01 4.418612000188239242e-02
3.606256620965670123e+00 9.322739512683676510e-01 4.408622763946516698e-02
3.614568837152400071e+00 9.322916651678033739e-01 4.399530552860737159e-02
3.622900212524179153e+00 9.323248065709490717e-01 4.391569893017044368e-02
3.631250791241837916e+00 9.323741054683603036e-01 4.384483715509405327e-02
3.639620617567994376e+00 9.324391154551839866e-01 4.378042592635931346e-02
3.648009735867288050e+00 9.325190256387676513e-01 4.371821496439443760e-02
3.656418190606625096e+00 9.326120404079060178e-01 4.365266863534279090e-02
3.664846026355395026e+00 9.327156547996228175e-01 4.358009693681613728e-02
3.673293287785722505e+00 9.328266507275496666e-01 4.349496998619593879e-02
3.681760019672695616e+00 9.329410102655816273e-01 4.339773170898000160e-02
3.690246266894609661e+00 9.330552032933921991e-01 4.328651501606325253e-02
3.698752074433199866e+00 9.331634753080854106e-01 4.316300827452509981e-02
3.707277487373882963e+00 9.332599638787894003e-01 4.303101872811049278e-02
3.715822550905990340e+00 9.333412051248831665e-01 4.289294115892085951e-02
3.724387310323024280e+00 9.334071308274584089e-01 4.274574644788884520e-02
3.732971811022874675e+00 9.334499825459289246e-01 4.259855295922725105e-02
3.741576098508073489e+00 9.334668619684588498e-01 4.245532224952552197e-02
3.750200218386035012e+00 9.334543316811099167e-01 4.232338746632108989e-02
3.758844216369295221e+00 9.334121557527930158e-01 4.220707964284796387e-02
3.767508138275755147e+00 9.333382197023466498e-01 4.211137224020754938e-02
3.776192030028923785e+00 9.332337272403893325e-01 4.203937367386949980e-02
3.784895937658160125e+00 9.331011514904016257e-01 4.199438332190429807e-02
3.793619907298919181e+00 9.329413936081090153e-01 4.197779706437931857e-02
3.802363985192995344e+00 9.327585023725021296e-01 4.199053745892800810e-02
3.811128217688767084e+00 9.325568280450086123e-01 4.203241871464405421e-02
3.819912651241444745e+00 9.323397285313417271e-01 4.210262768572337749e-02
3.828717332413313024e+00 9.321136682017601149e-01 4.219939813914470178e-02
3.837542307873979208e+00 9.318832226020919984e-01 4.232047328526624547e-02
3.846387624400629868e+00 9.316529669528502700e-01 4.246403475106012848e-02
3.855253328878260000e+00 9.314284932205579848e-01 4.262629136442636774e-02
3.864139468299937263e+00 9.312136569666616959e-01 4.280516261031934444e-02
3.873046089767042677e+00 9.310142503976212014e-01 4.299610294875615829e-02
3.881973240489525967e+00 9.308369435153900362e-01 4.318815335203735062e-02
3.890920967786150708e+00 9.306701769705276739e-01 4.339479403883918229e-02
3.899889319084750117e+00 9.305218585967641731e-01 4.360450879803699081e-02
3.908878341922469524e+00 9.303942126603930163e-01 4.381329915444046041e-02
3.917888083946038158e+00 9.302849507132486817e-01 4.401868483314708841e-02
3.926918592911994743e+00 9.301945278899523828e-01 4.421847452097166231e-02
3.935969916686960612e+00 9.301194363211373606e-01 4.441063845382311331e-02
3.945042103247884402e+00 9.300578992517684052e-01 4.459521622851128630e-02
3.954135200682300511e+00 9.300061589742901758e-01 4.477202599042950232e-02
3.963249257188580899e+00 9.299615589559815376e-01 4.494461033039521408e-02
3.972384321076193991e+00 9.299201645003087879e-01 4.511534436894794331e-02
3.981540440765956479e+00 9.298804300263483480e-01 4.528935038969639920e-02
3.990717664790295327e+00 9.298371935722619108e-01 4.547134512273508927e-02
3.999916041793498245e+00 9.297897285617776619e-01 4.566766168273004439e-02
4.009135620531977473e+00 9.297349572646074201e-01 4.588247873834126744e-02
4.018376449874526912e+00 9.296722101525909387e-01 4.612095553873066939e-02
4.027638578802577918e+00 9.296002405573521310e-01 4.638611853525621137e-02
4.036922056410458204e+00 9.295194884372055544e-01 4.667950612431731594e-02
4.046226931905668067e+00 9.294293069625048087e-01 4.700066373693993077e-02
4.055553254609115754e+00 9.293370607805211403e-01 4.732797472392871047e-02
4.064901073955393684e+00 9.292326943639109826e-01 4.769539010954008951e-02
4.074270439493041351e+00 9.291236356833380006e-01 4.807880382179914591e-02
4.083661400884801118e+00 9.290115631893823833e-01 4.847283979528853315e-02
4.093074007907890000e+00 9.288981119051054058e-01 4.886853864262805797e-02
4.102508310454252793e+00 9.287859410102057289e-01 4.925984104998330781e-02
4.111964358530836527e+00 9.286757630450256373e-01 4.963796062820193672e-02
4.121442202259847143e+00 9.285710389556678379e-01 4.999483325588713334e-02
4.130941891879030159e+00 9.284712264265557735e-01 5.032498314002708389e-02
4.140463477741914033e+00 9.283771607874982124e-01 5.062252304200155761e-02
4.150007010318093492e+00 9.282907181121814455e-01 5.088210916416185253e-02
4.159572540193494206e+00 9.282107267595520739e-01 5.109997355554582454e-02
4.169160118070638354e+00 9.281371151262770569e-01 5.127263996088376324e-02
4.178769794768913748e+00 9.280689033232260021e-01 5.139652870763548181e-02
4.188401621224845606e+00 9.280046949275256862e-01 5.147104312225671968e-02
4.198055648492363900e+00 9.279430117622423646e-01 5.149165834458486329e-02
4.207731927743075140e+00 9.278828251671322747e-01 5.146251942818602654e-02
4.217430510266535038e+00 9.278224872098382869e-01 5.138642493268903710e-02
4.227151447470515855e+00 9.277601657770878640e-01 5.126890885549086757e-02
4.236894790881282624e+00 9.276918536978802088e-01 5.110670793421485253e-02
4.246660592143864044e+00 9.276171253615400625e-01 5.090977855452758633e-02
4.256448903022338470e+00 9.275348905694960067e-01 5.068468729071166218e-02
4.266259775400082610e+00 9.274445282235385113e-01 5.043556780067906531e-02
4.276093261280069946e+00 9.273440312926907181e-01 5.017353328066571222e-02
4.285949412785133639e+00 9.272339918704137762e-01 4.990742073851637400e-02
4.295828282158251632e+00 9.271142834539348732e-01 4.964479120208129675e-02
4.305729921762813106e+00 9.269847800370772939e-01 4.939176807013749559e-02
4.315654384082907136e+00 9.268459105342580218e-01 4.915340794033035143e-02
4.325601721723593585e+00 9.266992326421694681e-01 4.893286512348588718e-02
4.335571987411179329e+00 9.265457626858341067e-01 4.873461866295428213e-02
4.345565233993514909e+00 9.263864374149711756e-01 4.855924000091030313e-02
4.355581514440251212e+00 9.262235959545758179e-01 4.840544181192321660e-02
4.365620881843134349e+00 9.260569184529182651e-01 4.826797433825769784e-02
4.375683389416282765e+00 9.258894344362778028e-01 4.814721188343067809e-02
4.385769090496471456e+00 9.257275693879367662e-01 4.804391185257328445e-02
4.395878038543413524e+00 9.255639139892534173e-01 4.794925927460499254e-02
4.406010287140045278e+00 9.254000204536158014e-01 4.785988569451971042e-02
4.416165889992805127e+00 9.252391287051118240e-01 4.777636190453144610e-02
4.426344900931924897e+00 9.250822839458763269e-01 4.770033515920737294e-02
4.436547373911710501e+00 9.249294639536421725e-01 4.763221227416158249e-02
4.446773363010830593e+00 9.247809026169353519e-01 4.757165743015732973e-02
4.457022922432600787e+00 9.246368712858500372e-01 4.752240006654329108e-02
4.467296106505266984e+00 9.244967659387733905e-01 4.748891189406056340e-02
4.477592969682316237e+00 9.243615403611334935e-01 4.747399194003543849e-02
4.487913566542728105e+00 9.242288861804468514e-01 4.747889441652276138e-02
4.498257951791294396e+00 9.240996997686018455e-01 4.750822331895886846e-02
4.508626180258894500e+00 9.239732399904454496e-01 4.756475835004674024e-02
4.519018306902790272e+00 9.238487452930685961e-01 4.764683927450225759e-02
4.529434386806917345e+00 9.237264570155554466e-01 4.775541767772682050e-02
4.539874475182176461e+00 9.236058004856805281e-01 4.789077229971226701e-02
4.550338627366728339e+00 9.234869208420382058e-01 4.804726905242175800e-02
4.560826898826277009e+00 9.233733278365184871e-01 4.821693727878313684e-02
4.571339345154388667e+00 9.232563929956314475e-01 4.841010052655828066e-02
4.581876022072752797e+00 9.231402806055679644e-01 4.861682334093617858e-02
4.592436985431501917e+00 9.230260596897010839e-01 4.882925088045023815e-02
4.603022291209496686e+00 9.229133268057309047e-01 4.904726304624337785e-02
4.613631995514628770e+00 9.228031615127167964e-01 4.926429342091279834e-02
4.624266154584113941e+00 9.226947384541586139e-01 4.947714708254281890e-02
4.634924824784790509e+00 9.225887867171091994e-01 4.968434092628769977e-02
4.645608062613421296e+00 9.224847603405933461e-01 4.988166708495311158e-02
4.656315924696991182e+00 9.223829428839528388e-01 5.006799047404988934e-02
4.667048467793003752e+00 9.222830573274906074e-01 5.024490247003238902e-02
4.677805748789788609e+00 9.221850574943870615e-01 5.040676423389046229e-02
4.688587824706798024e+00 9.220874595776390459e-01 5.055947641535662312e-02
4.699394752694910693e+00 9.219900481002963888e-01 5.070013953163762799e-02
4.710226590036731942e+00 9.218913198033352741e-01 5.083191786594376538e-02
4.721083394146913470e+00 9.217903994161900094e-01 5.095795280852889741e-02
4.731965222572429575e+00 9.216899222200438668e-01 5.106920534813506884e-02
4.742872132992903111e+00 9.215802167753273100e-01 5.118332790051046549e-02
4.753804183220903035e+00 9.214635914369863068e-01 5.129448789897810002e-02
4.764761431202254371e+00 9.213380151118133465e-01 5.140358282522896477e-02
4.775743935016345532e+00 9.212034571616753986e-01 5.151395754838850038e-02
4.786751752876432064e+00 9.210563507518756410e-01 5.162253756046429609e-02
4.797784943129943080e+00 9.208968186844883608e-01 5.173453976622428147e-02
4.808843564258811654e+00 9.207235336099661716e-01 5.184528819447102588e-02
4.819927674879752821e+00 9.205351847671079391e-01 5.195849881325781405e-02
4.831037333744594875e+00 9.203315661106173939e-01 5.207027630614261687e-02
4.842172599740583117e+00 9.201127002585852699e-01 5.218286358988688534e-02
4.853333531890698715e+00 9.198779679069083448e-01 5.229397588146440096e-02
4.864520189353965129e+00 9.196286481545251634e-01 5.240375784447754565e-02
4.875732631425765184e+00 9.193645387990203588e-01 5.251205100818762822e-02
4.886970917538152825e+00 9.190888884957962857e-01 5.261913652924019025e-02
4.898235107260170196e+00 9.188150953790936715e-01 5.272081216049023106e-02
4.909525260298163829e+00 9.185187814441090337e-01 5.282725562687402843e-02
4.920841436496096399e+00 9.182159970709561359e-01 5.293556314449481687e-02
4.932183695835871795e+00 9.179084034732644115e-01 5.304678787021512021e-02
4.943552098437645981e+00 9.175991712325131111e-01 5.316262413143734572e-02
4.954946704560144966e+00 9.172904155703111018e-01 5.328490625511294460e-02
4.966367574601002310e+00 9.169852117345195230e-01 5.341443436879239615e-02
4.977814769097047787e+00 9.166856974803859748e-01 5.355242452941152975e-02
4.989288348724654654e+00 9.163945886927110651e-01 5.369658148146142645e-02
5.000788374300046968e+00 9.161142360709885191e-01 5.384944605725951183e-02
5.012314906779628210e+00 9.158476088279668970e-01 5.400425293060832216e-02
5.023868007260305468e+00 9.155946668261982779e-01 5.416202164971418986e-02
5.035447736979805633e+00 9.153580140762314077e-01 5.431591527633641836e-02
5.047054157317005796e+00 9.151385197525619963e-01 5.446314915304582838e-02
5.058687329792268983e+00 9.149362486814759388e-01 5.459849541100620512e-02
5.070347316067746135e+00 9.147593848713051479e-01 5.471161584046035226e-02
5.082034177947717168e+00 9.145921265863161675e-01 5.481001928071604912e-02
5.093747977378924041e+00 9.144417496984508231e-01 5.488148087953463594e-02
5.105488776450886945e+00 9.143068569855665739e-01 5.492717368575921605e-02
5.117256637396240038e+00 9.141881329869759876e-01 5.494259449065923978e-02
5.129051622591060955e+00 9.140818698117414431e-01 5.492897422772540644e-02
5.140873794555201215e+00 9.139877577590980184e-01 5.488962332906437147e-02
5.152723215952615732e+00 9.139030598099263658e-01 5.482432799808828472e-02
5.164599949591695882e+00 9.138263669775176234e-01 5.474259162295423697e-02
5.176504058425605237e+00 9.137557489088217189e-01 5.464872431168366768e-02
5.188435605552607299e+00 9.136888353563121790e-01 5.454912745868634172e-02
5.200394654216408341e+00 9.136236881544609334e-01 5.445405664414389862e-02
5.212381267806477148e+00 9.135590755278552022e-01 5.437062222699300812e-02
5.224395509858410058e+00 9.134936545461072033e-01 5.430599621047581260e-02
5.236437444054234724e+00 9.134267627886799579e-01 5.426832791156768060e-02
5.248507134222764492e+00 9.133579675130830688e-01 5.426097270569386205e-02
5.260604644339938574e+00 9.132835536611613181e-01 5.428727701168350323e-02
5.272730038529150676e+00 9.132044911880110583e-01 5.435138717812641046e-02
5.284883381061603380e+00 9.131218163325691695e-01 5.445193274237751513e-02
5.297064736356634107e+00 9.130348123953031525e-01 5.458719821057498450e-02
5.309274168982061504e+00 9.129448587880351074e-01 5.475416830792761286e-02
5.321511743654543380e+00 9.128516093128894449e-01 5.494743192626255768e-02
5.333777525239890238e+00 9.127566358895474741e-01 5.515894849782792403e-02
5.346071578753432973e+00 9.126616758260567286e-01 5.538465587103687249e-02
5.358393969360352393e+00 9.125675260338822481e-01 5.561710945660321842e-02
5.370744762376038040e+00 9.124755189066030558e-01 5.584862407537695417e-02
5.383124023266424807e+00 9.123863818371349410e-01 5.607336809982927522e-02
5.395531817648341111e+00 9.123021980337824299e-01 5.628691513463740526e-02
5.407968211289863270e+00 9.122268459346082325e-01 5.647794367208457816e-02
5.420433270110654789e+00 9.121548044203936501e-01 5.665846263780696668e-02
5.432927060182321632e+00 9.120906777713613245e-01 5.681673236579248137e-02
5.445449647728761278e+00 9.120342264677973043e-01 5.695443465585299514e-02
5.458001099126513544e+00 9.119860683997041972e-01 5.707151941006646800e-02
5.470581480905112315e+00 9.119459272855262588e-01 5.716805509958026305e-02
5.483190859747433699e+00 9.119148301085557851e-01 5.724487715424549095e-02
5.495829302490068180e+00 9.118898102426268304e-01 5.730471076324110402e-02
5.508496876123646580e+00 9.118719315611386600e-01 5.734998195434141272e-02
5.521193647793214865e+00 9.118589655052453669e-01 5.738314286274419362e-02
5.533919684798581429e+00 9.118498922311479848e-01 5.740643319285940877e-02
5.546675054594679466e+00 9.118422733042159667e-01 5.742082702816587308e-02
5.559459824791923133e+00 9.118352509901198610e-01 5.742853985679684942e-02
5.572274063156561930e+00 9.118265913776850695e-01 5.743166299776500394e-02
5.585117837611038638e+00 9.118139906188935662e-01 5.743141317354774622e-02
5.597991216234368572e+00 9.117953217567233981e-01 5.742847602078475500e-02
5.610894267262471757e+00 9.117685468088541079e-01 5.742375919052542660e-02
5.623827059088551295e+00 9.117318495677854129e-01 5.741772362619221304e-02
5.636789660263453072e+00 9.116828176415663343e-01 5.740959573379820352e-02
5.649782139496028144e+00 9.116204193428374403e-01 5.740030242119410764e-02
5.662804565653499544e+00 9.115431449706147271e-01 5.739068726928320263e-02
5.675857007761822892e+00 9.114500772292091213e-01 5.738016855850009562e-02
5.688939535006056758e+00 9.113396554252213289e-01 5.736863377385829216e-02
5.702052216730725931e+00 9.112123552054430808e-01 5.735621592547384545e-02
5.715195122440191788e+00 9.110676670674500155e-01 5.734325681220746318e-02
5.728368321799018226e+00 9.109058407606727137e-01 5.732823010065414560e-02
5.741571884632342027e+00 9.107348760433484625e-01 5.731231541928097362e-02
5.754805880926242345e+00 9.105420966879560485e-01 5.729214383411486422e-02
5.768070380828108412e+00 9.103357357183792242e-01 5.726919376025101788e-02
5.781365454647030333e+00 9.101170180589066572e-01 5.724233434757755590e-02
5.794691172854142813e+00 9.098884595402115805e-01 5.720901783906629651e-02
5.808047606083012404e+00 9.096522401797324520e-01 5.716865228033776031e-02
5.821434825130017643e+00 9.094117651709759942e-01 5.711985117811827634e-02
5.834852900954716759e+00 9.091685517115337678e-01 5.706125599090364209e-02
5.848301904680224261e+00 9.089264423400957860e-01 5.699028778837306186e-02
5.861781907593591079e+00 9.086879478232726681e-01 5.690675099274312282e-02
5.875292981146175819e+00 9.084566706261795188e-01 5.680851450142089532e-02
5.888835196954041784e+00 9.082344792135512712e-01 5.669513993000432905e-02
5.902408626798310465e+00 9.080249463452868541e-01 5.656498857681543924e-02
5.916013342625556781e+00 9.078356142845911414e-01 5.642226643891690152e-02
5.929649416548193663e+00 9.076597622412847510e-01 5.626119607494997621e-02
5.943316920844841533e+00 9.075024192721434790e-01 5.608262957351076855e-02
5.957015927960726209e+00 9.073659674747682757e-01 5.588897857620713644e-02
5.970746510508050164e+00 9.072538258222396790e-01 5.568211041146460538e-02
5.984508741266385989e+00 9.071655947163514977e-01 5.546381487106295805e-02
5.998302693183058310e+00 9.071028694965862504e-01 5.523630441635376392e-02
6.012128439373530142e+00 9.070662601951474668e-01 5.500331550124189922e-02
6.025986053121793695e+00 9.070561444212488222e-01 5.476660485178007354e-02
6.039875607880754949e+00 9.070716568793848467e-01 5.453006109724142098e-02
6.053797177272624452e+00 9.071125022306059105e-01 5.429774202617924928e-02
6.067750835089301908e+00 9.071771741302225855e-01 5.407233474370080201e-02
6.081736655292792726e+00 9.072637409283441645e-01 5.386056518875940308e-02
6.095754712015560628e+00 9.073703650521323105e-01 5.366161891098513576e-02
6.109805079560946872e+00 9.074981605909299143e-01 5.347476956753319244e-02
6.123887832403558384e+00 9.076433262325415141e-01 5.330476726526986453e-02
6.138003045189661222e+00 9.078034469766782522e-01 5.315416192850982990e-02
6.152150792737576701e+00 9.079759133922921110e-01 5.302294751390553007e-02
6.166331150038079301e+00 9.081580711805021799e-01 5.291201858452778545e-02
6.180544192254792790e+00 9.083474838569732812e-01 5.282175279385357969e-02
6.194789994724578364e+00 9.085409729277260649e-01 5.275088353904001937e-02
6.209068632957971623e+00 9.087364220796804171e-01 5.269938207039874534e-02
6.223380182639526303e+00 9.089306411444763034e-01 5.266615400996910168e-02
6.237724719628261916e+00 9.091209038769743067e-01 5.264903560471641958e-02
6.252102319958039445e+00 9.092989856919195812e-01 5.264632668995538473e-02
6.266513059837978794e+00 9.094751054120721045e-01 5.265700701390396699e-02
6.280957015652856690e+00 9.096401228737472922e-01 5.267977489808649272e-02
6.295434263963512578e+00 9.097931386999856818e-01 5.271348190548692109e-02
6.309944881507251857e+00 9.099314008714256552e-01 5.275751717327113732e-02
6.324488945198257994e+00 9.100542709249062057e-01 5.280869652010155429e-02
6.339066532127996645e+00 9.101596728037893991e-01 5.286824176552813032e-02
6.353677719565624216e+00 9.102467978376833635e-01 5.293448528083365134e-02
6.368322584958397314e+00 9.103150068281031793e-01 5.300690821366781796e-02
6.383001205932078648e+00 9.103630752638507406e-01 5.308415499216893180e-02
6.397713660291374005e+00 9.103912563923498569e-01 5.316589222989583086e-02
6.412460026020305293e+00 9.103993884447331153e-01 5.325197485381398532e-02
6.427240381282646631e+00 9.103876403889847868e-01 5.333838165171143897e-02
6.442054804422339132e+00 9.103561941869788843e-01 5.342832874618154426e-02
6.456903373963898574e+00 9.103050029833688050e-01 5.351888567563987953e-02
6.471786168612839063e+00 9.102349643344537222e-01 5.360999970648175350e-02
6.486703267256083372e+00 9.101456615516262394e-01 5.369828964248789943e-02
6.501654748962386599e+00 9.100389908414032725e-01 5.378285126407605921e-02
6.516640692982742955e+00 9.099153664231949268e-01 5.386282490081358010e-02
6.531661178750837848e+00 9.097762969839358060e-01 5.393610870077737013e-02
6.546716285883427133e+00 9.096214349918447795e-01 5.400165230342572620e-02
6.561806094180785642e+00 9.094530415974380055e-01 5.405839542502006295e-02
6.576930683627120189e+00 9.092711939551030298e-01 5.410477525525175108e-02
6.592090134391000333e+00 9.090817900195616863e-01 5.414049598870816077e-02
6.607284526825777604e+00 9.088807178818909538e-01 5.416643582185622779e-02
6.622513941470015375e+00 9.086669330408806422e-01 5.418298709781468186e-02
6.637778459047910751e+00 9.084435553190225443e-01 5.418939987727327406e-02
6.653078160469727109e+00 9.082132480656653906e-01 5.418843884659986510e-02
6.668413126832222204e+00 9.079750564226631848e-01 5.417889008428331682e-02
6.683783439419078043e+00 9.077314433132369631e-01 5.416513419232315413e-02
6.699189179701327213e+00 9.074825663708687706e-01 5.414737753564441425e-02
6.714630429337789863e+00 9.072297566112149658e-01 5.412919058432920372e-02
6.730107270175500034e+00 9.069734950931767070e-01 5.411170825993048134e-02
6.745619784250164841e+00 9.067144376245966919e-01 5.409686708221448509e-02
6.761168053786556165e+00 9.064623391515880257e-01 5.408808445882462568e-02
6.776752161198977831e+00 9.062015194395189877e-01 5.408476110898967348e-02
6.792372189091693713e+00 9.059405135151388233e-01 5.409035148845645069e-02
6.808028220259366492e+00 9.056803183261702417e-01 5.410530366353707293e-02
6.823720337687492865e+00 9.054222738440347307e-01 5.413090777179579288e-02
6.839448624552850298e+00 9.051662949530423496e-01 5.416689019477392147e-02
6.855213164223925126e+00 9.049136131445577602e-01 5.421408050836415415e-02
6.871014040261385070e+00 9.046660660212877403e-01 5.427204030721910488e-02
6.886851336418478020e+00 9.044233308569461505e-01 5.434015219572568139e-02
6.902725136641505443e+00 9.041863754822599963e-01 5.441811137448239466e-02
6.918635525070262915e+00 9.039562876931666047e-01 5.450503047375537813e-02
6.934582586038479768e+00 9.037414564927195304e-01 5.459581841116561973e-02
6.950566404074271176e+00 9.035275782839523595e-01 5.469658380199680925e-02
6.966587063900585797e+00 9.033232008388358825e-01 5.480260186274498596e-02
6.982644650435653411e+00 9.031293591971302215e-01 5.491420125248071965e-02
6.998739248793436118e+00 9.029459139022948388e-01 5.502830415533495334e-02
7.014870944284075982e+00 9.027747050769372450e-01 5.514624833657495728e-02
7.031039822414353324e+00 9.026156503497843042e-01 5.526590795941140055e-02
7.047245968888135259e+00 9.024696428665250902e-01 5.538683666881137613e-02
7.063489469606831328e+00 9.023372308500186012e-01 5.550989964744407895e-02
7.079770410669842917e+00 9.022181804251043769e-01 5.563108539930916585e-02
7.096088878375045539e+00 9.021165887037728703e-01 5.574876650321900634e-02
7.112444959219206275e+00 9.020263393213590053e-01 5.586923595931799630e-02
7.128838739898467836e+00 9.019498251402101596e-01 5.598756018596763584e-02
7.145270307308805080e+00 9.018879609892951343e-01 5.610367443230309531e-02
7.161739748546480655e+00 9.018402506286342657e-01 5.621542431521506233e-02
7.178247150908510399e+00 9.018067710352734023e-01 5.632317225170135888e-02
7.194792601893126083e+00 9.017860886764108574e-01 5.642526831915291308e-02
7.211376189200225717e+00 9.017786623282266767e-01 5.651996237097207942e-02
7.227998000731879813e+00 9.017830322004150023e-01 5.660699874738216869e-02
7.244658124592739945e+00 9.017982336244833030e-01 5.668581177096410073e-02
7.261356649090544124e+00 9.018237134133937349e-01 5.675459482505153253e-02
7.278093662736574210e+00 9.018569317388910322e-01 5.681150724559619336e-02
7.294869254246125756e+00 9.018985197194208103e-01 5.686043499655235589e-02
7.311683512538977858e+00 9.019462575706721497e-01 5.689835240221036844e-02
7.328536526739863888e+00 9.019984542774281966e-01 5.692513626631219570e-02
7.345428386178945779e+00 9.020538065130082606e-01 5.694234158025015397e-02
7.362359180392284763e+00 9.021108971094988771e-01 5.695158979271413430e-02
7.379328999122319210e+00 9.021669723970359156e-01 5.695343528489894835e-02
7.396337932318339803e+00 9.022211701190072652e-01 5.694913055241514893e-02
7.413386070136961159e+00 9.022716309963836334e-01 5.694168272690587618e-02
7.430473502942608555e+00 9.023162372902970851e-01 5.693356851126980117e-02
7.447600321307981552e+00 9.023531316930359925e-01 5.692843145126596366e-02
7.464766616014566480e+00 9.023817988162875503e-01 5.692746979208894442e-02
7.481972478053076081e+00 9.023998628447733594e-01 5.693508303713618046e-02
7.499217998623956660e+00 9.024062782001368577e-01 5.695373825831538672e-02
7.516503269137869481e+00 9.023992304637574735e-01 5.698719651544130460e-02
7.533828381216167713e+00 9.023776444841602462e-01 5.703775011130055722e-02
7.551193426691390265e+00 9.023404213003763941e-01 5.710824082050965783e-02
7.568598497607742281e+00 9.022858963360973483e-01 5.720049742105215440e-02
7.586043686221580096e+00 9.022144671662547522e-01 5.731658690732876343e-02
7.603529085001927257e+00 9.021266031207407776e-01 5.745571974791845171e-02
7.621054786630920397e+00 9.020202057605353207e-01 5.762132612442322915e-02
7.638620884004330591e+00 9.018945092422783194e-01 5.781505674030787412e-02
7.656227470232050081e+00 9.017495982860974646e-01 5.803597873313842692e-02
7.673874638638580770e+00 9.015870688231351071e-01 5.828332833367483312e-02
7.691562482763536934e+00 9.014063314344292754e-01 5.855595502562584848e-02
7.709291096362131057e+00 9.012084877037548347e-01 5.885292018226393612e-02
7.727060573405679200e+00 9.009937448515425995e-01 5.917263664718500071e-02
7.744871008082095720e+00 9.007649469603422610e-01 5.951272675519608812e-02
7.762722494796393313e+00 9.005216419053742039e-01 5.987265336227473589e-02
7.780615128171181283e+00 9.002728387925195142e-01 6.023863905269906394e-02
7.798549003047168249e+00 9.000062572208236134e-01 6.062961108947635680e-02
7.816524214483668409e+00 8.997301439381776289e-01 6.103299827872699784e-02
7.834540857759090926e+00 8.994469364188146798e-01 6.144632891187189194e-02
7.852599028371481715e+00 8.991578756108321580e-01 6.186760192010976739e-02
7.870698822038979969e+00 8.988657756711049274e-01 6.229411778015823270e-02
7.888840334700359058e+00 8.985722072593955723e-01 6.272348168425938286e-02
7.907023662515523021e+00 8.982788219598869528e-01 6.315362964137515023e-02
7.925248901866020823e+00 8.979895061905999176e-01 6.358147479384054779e-02
7.943516149355556166e+00 8.977046777848677328e-01 6.400486993078810527e-02
7.961825501810496419e+00 8.974349713505802573e-01 6.440966268384867854e-02
7.980177056280383319e+00 8.971666700624822965e-01 6.481641680489118318e-02
7.998570910038472093e+00 8.969096856234765047e-01 6.521158435627119609e-02
8.017007160582208414e+00 8.966658426326258313e-01 6.559174921925972623e-02
8.035485905633766635e+00 8.964371681927706392e-01 6.595457879906881093e-02
8.054007243140571148e+00 8.962252987470665788e-01 6.629761333856226679e-02
8.072571271275801763e+00 8.960317586808589363e-01 6.661827165729765354e-02
8.091178088438930160e+00 8.958579534459257809e-01 6.691431296713042098e-02
8.109827793256227935e+00 8.957047259919269644e-01 6.718296207019910926e-02
8.128520484581297723e+00 8.955763221781708472e-01 6.741623576297635367e-02
8.147256261495590124e+00 8.954674101504721540e-01 6.762535281197820658e-02
8.166035223308936608e+00 8.953809316439820254e-01 6.780093327690780991e-02
8.184857469560069987e+00 8.953188348321882151e-01 6.794208579613617016e-02
8.203723100017153769e+00 8.952800691999774907e-01 6.804857179950653256e-02
8.222632214678316842e+00 8.952648296197140976e-01 6.811907769831002102e-02
8.241584913772159737e+00 8.952737443486361579e-01 6.815381929980598996e-02
8.260581297758339048e+00 8.953053389271657947e-01 6.815192683649730354e-02
8.279621467328036388e+00 8.953586916900238002e-01 6.811577555147968477e-02
8.298705523404525053e+00 8.954323650394337974e-01 6.804632836826360331e-02
8.317833567143708251e+00 8.955272994289091848e-01 6.794457854068321201e-02
8.337005699934641356e+00 8.956411207629044746e-01 6.781203775695779368e-02
8.356222023400080801e+00 8.957732516372267639e-01 6.765089425677367485e-02
8.375482639397011653e+00 8.959217285534242237e-01 6.746534442115821595e-02
8.394787650017194736e+00 8.960845454768167073e-01 6.725766440451162731e-02
8.414137157587720850e+00 8.962604645514926638e-01 6.703084365826043889e-02
8.433531264671518812e+00 8.964469938957365658e-01 6.678903174449203617e-02
8.452970074067929218e+00 8.966424212032287899e-01 6.653571981805563029e-02
8.472453688813237349e+00 8.968394788554994168e-01 6.628146500601497793e-02
8.491982212181222067e+00 8.970464519407167492e-01 6.601564818875754748e-02
8.511555747683697604e+00 8.972566940417533443e-01 6.574969883186324027e-02
8.531174399071076664e+00 8.974673885500300541e-01 6.548574671964807470e-02
8.550838270332903335e+00 8.976767077231848635e-01 6.522747466509229430e-02
8.570547465698410861e+00 8.978828590093286266e-01 6.497809700331945437e-02
8.590302089637079419e+00 8.980836366376715452e-01 6.473961080102302867e-02
8.610102246859186792e+00 8.982774539168958405e-01 6.451384442121858853e-02
8.629948042316355483e+00 8.984572742985403870e-01 6.430858794229575570e-02
8.649839581202119376e+00 8.986311820423068530e-01 6.411291166394980645e-02
8.669776968952467300e+00 8.987929719873680723e-01 6.393487664572428120e-02
8.689760311246439883e+00 8.989409541372259671e-01 6.377475191174253322e-02
8.709789714006635819e+00 8.990733193315972871e-01 6.363186096515323353e-02
8.729865283399806941e+00 8.991902148447991072e-01 6.350710150324763437e-02
8.749987125837414226e+00 8.992892084468429026e-01 6.339993704380199324e-02
8.770155347976189120e+00 8.993699718729841752e-01 6.331060717049927233e-02
8.790370056718703751e+00 8.994311724298859057e-01 6.323751696244159226e-02
8.810631359213932257e+00 8.994737572556488203e-01 6.318004002322751000e-02
8.830939362857819219e+00 8.994969636177150285e-01 6.313735224360562948e-02
8.851294175293849875e+00 8.995003257926534879e-01 6.310837306334210473e-02
8.871695904413638090e+00 8.994828054607818535e-01 6.309319308857429254e-02
8.892144658357461040e+00 8.994458171456831685e-01 6.309047735483570840e-02
8.912640545514863177e+00 8.993890247291029816e-01 6.310026947754079907e-02
8.933183674525214002e+00 8.993130048708718460e-01 6.312195692458684448e-02
8.953774154278301367e+00 8.992181195533703875e-01 6.315478271574512248e-02
8.974412093914883926e+00 8.991079314056318328e-01 6.319739592068701617e-02
8.995097602827293315e+00 8.989781737056584676e-01 6.325171885334623934e-02
9.015830790660004368e+00 8.988321931723755043e-01 6.331581241783401648e-02
9.036611767310210652e+00 8.986704039002999522e-01 6.339079846541183227e-02
9.057440642928417773e+00 8.984950517184252528e-01 6.347499945753061479e-02
9.078317527919018914e+00 8.983062662113348029e-01 6.356886895540150850e-02
9.099242532940884587e+00 8.981054070083169805e-01 6.367232395936038569e-02
9.120215768907938170e+00 8.978943345418259891e-01 6.378414049674720199e-02
9.141237346989777635e+00 8.976791778974099190e-01 6.390188912347213868e-02
9.162307378612220887e+00 8.974511602743152627e-01 6.403025267365956841e-02
9.183425975457916834e+00 8.972165490315174852e-01 6.416525090495925343e-02
9.204593249466942240e+00 8.969767015505323293e-01 6.430665489137282753e-02
9.225809312837382592e+00 8.967326688447050387e-01 6.445379866794906376e-02
9.247074278025943173e+00 8.964861958027021682e-01 6.460393204839508241e-02
9.268388257748529924e+00 8.962384584996944126e-01 6.475776535463412253e-02
9.289751364980849857e+00 8.959906563581115924e-01 6.491338361067423846e-02
9.311163712959007910e+00 8.957489471931530112e-01 6.506605698078377076e-02
9.332625415180141104e+00 8.955042660864400705e-01 6.522126802495335773e-02
9.354136585402955006e+00 8.952620813817029344e-01 6.537433208178640431e-02
9.375697337648382756e+00 8.950240756271355957e-01 6.552503825419386807e-02
9.397307786200157054e+00 8.947910703670448607e-01 6.567067922768263233e-02
9.418968045605440764e+00 8.945633205044951630e-01 6.581084346485056857e-02
9.440678230675411342e+00 8.943417117522232118e-01 6.594431650282449320e-02
9.462438456485886107e+00 8.941267885962438378e-01 6.607040850495657369e-02
9.484248838377920876e+00 8.939235941751395575e-01 6.618587173011743208e-02
9.506109491958426361e+00 8.937227010281084683e-01 6.629636897773254212e-02
9.528020533100786338e+00 8.935300206775861342e-01 6.639751929719919787e-02
9.549982077945458059e+00 8.933443854514682148e-01 6.648921566517372594e-02
9.571994242900604632e+00 8.931667125315584377e-01 6.657222510141291849e-02
9.594057144642693657e+00 8.929965477641684801e-01 6.664590351348352593e-02
9.616170900117122500e+00 8.928340772558321925e-01 6.671132262037796079e-02
9.638335626538868439e+00 8.926824065519839424e-01 6.676697945350625052e-02
9.660551441393051775e+00 8.925338501074204789e-01 6.681618763020032159e-02
9.682818462435605511e+00 8.923918341312301328e-01 6.685795701122837498e-02
9.705136807693872214e+00 8.922556423098195744e-01 6.689329108931753309e-02
9.727506595467250605e+00 8.921250900370476522e-01 6.692188822559627659e-02
9.749927944327808405e+00 8.919992478586604712e-01 6.694578973804125865e-02
9.772400973120912937e+00 8.918782347992096904e-01 6.696462093996952136e-02
9.794925800965861740e+00 8.917599181283962784e-01 6.697945262451965309e-02
9.817502547256536261e+00 8.916473537605669186e-01 6.699043925332916205e-02
9.840131331661989833e+00 8.915345845340414410e-01 6.699789154724279661e-02
9.862812274127110257e+00 8.914236240083852625e-01 6.700348982616204097e-02
9.885545494873262840e+00 8.913129235415593321e-01 6.700594929373231146e-02
9.908331114398901462e+00 8.912022514902449011e-01 6.700648960462469994e-02
9.931169253480232939e+00 8.910911633942508736e-01 6.700543199076047785e-02
9.954060033171842292e+00 8.909787540556262098e-01 6.700217572081637596e-02
9.977003574807339348e+00 8.908655587346270277e-01 6.699713744152024919e-02
1.000000000000000000e+01 8.907501777777777630e-01 6.699014217552304307e-02
