1000.	3.5817504235985334e-6
1004.6157902783947	2.8398917776843063e-6
1009.2528860766844	2.409467478217825e-6
1013.9113857366789	2.280510950933502e-6
1018.5913880541169	2.4193259094488226e-6
1023.2929922807537	2.773934192705135e-6
1028.0162981264734	3.280628765178807e-6
1032.7614057613969	3.87091146442485e-6
1037.5284158180127	4.47813045388645e-6
1042.3174293933037	5.043229802024381e-6
1047.1285480508996	5.519167146454913e-6
1051.9618738232225	5.873726290174074e-6
1056.8175092136585	6.0906305367444424e-6
1061.6955571987241	6.1690317100513494e-6
1066.596121230258	6.12159418293336e-6
1071.519305237606	5.971501957130478e-6
1076.465213629835	5.748783592617755e-6
1081.4339512979375	5.486372923589034e-6
1086.4256236170656	5.21630561633473e-6
1091.440336448756	4.966398815237648e-6
1096.4781961431852	4.757681996442922e-6
1101.5393095414145	4.602751735013816e-6
1106.6237839776663	4.505121755239705e-6
1111.7317272815908	4.459542093722264e-6
1116.863247780561	4.453175735957333e-6
1122.018454301963	4.4674539551080746e-6
1127.1974561755105	4.480386729169556e-6
1132.4003632355566	4.469083592019064e-6
1137.627285823431	4.412242399111153e-6
1142.8783347897713	4.2923861648225435e-6
1148.1536214968828	4.0976673043665964e-6
1153.4532578210917	3.8231093017075415e-6
1158.7773561551262	3.4712126371653085e-6
1164.126029410491	3.051909453523983e-6
1169.4993910198712	2.5819051518453215e-6
1174.897554939529	2.0834909762305725e-6
1180.3206356517298	1.5829468284370802e-6
1185.7687481671596	1.108676376245017e-6
1191.242008027375	6.892264730143374e-7
1196.7405313072431	3.5134054003683674e-7
1202.2644346174131	1.1818231616336284e-7
1207.8138351067798	7.844356321641879e-9
1213.3888504649774	3.222739035456137e-8
1218.9895989248662	1.963448420710758e-7
1224.6161992650489	4.98074111971531e-7
1230.268770812381	9.283450596300981e-7
1235.9474334445108	1.4717285052374388e-6
1241.6523075924106	2.107365034936097e-6
1247.3835142429432	2.8101579309891264e-6
1253.1411749414156	3.5521441015649257e-6
1258.9254117941675	4.303953396358456e-6
1264.736347471151	5.036269167660757e-6
1270.5741052085418	5.721210532021189e-6
1276.4388088113435	6.333568425309431e-6
1282.3305826560218	6.851842010574238e-6
1288.2495516931335	7.2590380484353345e-6
1294.1958414499863	7.543212286226179e-6
1300.16957803329	7.697747707213557e-6
1306.1708881318418	7.7213787308409e-6
1312.1998990192028	7.617982511064498e-6
1318.2567385564075	7.396167913718937e-6
1324.3415351946644	7.068699361336316e-6
1330.4544179780914	6.651796516190599e-6
1336.5955165464418	6.1643519057679685e-6
1342.7649611378642	5.627107392856372e-6
1348.9628825916532	5.061827264569992e-6
1355.1894123510365	4.49050112508502e-6
1361.4446824659497	3.934604206018679e-6
1367.7288255958495	3.4144366190003306e-6
1374.041975012515	2.948556885325326e-6
1380.3842646028852	2.5533191415578534e-6
1386.755828871888	2.24251801511706e-6
1393.1568029453035	2.027140486334425e-6
1399.5873225726177	1.915220219361392e-6
1406.0475241299143	1.9117868963321364e-6
1412.537544622754	2.0189010071970184e-6
1419.0575216890927	2.2357632616245643e-6
1425.607593602188	2.5588871937034124e-6
1432.187899273544	2.982323497853539e-6
1438.798578255845	3.49792503017461e-6
1445.439770745928	4.095642101462833e-6
1452.111617587742	4.763838556648978e-6
1458.814260275349	5.489620079674186e-6
1465.5478409559114	6.259167104713181e-6
1472.3125024327194	7.058065600249382e-6
1479.1083881682073	7.87162979117643e-6
1485.9356422870076	8.68521158608252e-6
1492.794409578996	9.484492089370094e-6
1499.684835502374	0.000010255751120524218
1506.6070661867418	0.00001098611116275926
1513.5612484362086	0.00001166375265032175
1520.5475297324954	0.000012278098006129825
1527.5660582380733	0.000012819962382369353
1534.6169827992942	0.000013281669651542265
1541.70045294956	0.000013657132850446665
1548.816618912481	0.000013941898990941747
1555.965631605075	0.000014133158906012536
1563.1476426409538	0.000014229723576236687
1570.3628043335532	0.000014231969152609596
1577.6112696993484	0.000014141753625050598
1584.893192461114	0.000013962308748582733
1592.20872705117	0.000013698111398941597
1599.5580286146694	0.00001335473895749652
1606.9412530128773	0.000012938713598643555
1614.3585568264868	0.000012457340455187186
1621.8100973589299	0.00001191854456091107
1629.296032639723	0.000011330711215584134
1636.8165214278085	0.000010702533995951643
1644.3717232149324	0.00001004287406497237
1651.961798229015	9.360633736104383e-6
1659.5869074375614	8.664646461096609e-6
1667.2472125510626	7.963584563995943e-6
1674.9428760264382	7.2658851786990914e-6
1682.6740610704674	6.579694000612899e-6
1690.440931643265	5.912825671544242e-6
1698.2436524617442	5.2727389144083765e-6
1706.0823890031243	4.666523949554948e-6
1713.9573075084252	4.100899280410567e-6
1721.8685749860078	3.58221464884482e-6
1729.8163592151016	3.116456838980935e-6
1737.8008287493763	2.7092550533670176e-6
1745.8221529205039	2.3658827914942577e-6
1753.8805018417602	2.091253514729966e-6
1761.976046411629	1.8899078650011525e-6
1770.108958317422	1.765990793135521e-6
1778.2794100389228	1.7232176189923417e-6
1786.4875748520499	1.7648287591912753e-6
1794.7336268325266	1.893533588018247e-6
1803.0177408595698	2.1114446117234555e-6
1811.3400926196025	2.4200038061263944e-6
1819.7008586099826	2.819903564923615e-6
1828.1002161427427	3.311005207616355e-6
1836.5383433483473	3.892258382101421e-6
1845.0154191794736	4.561624953172257e-6
1853.5316234148106	5.316011085196887e-6
1862.0871366628676	6.151211201220713e-6
1870.6821403658016	7.061867333205157e-6
1879.3168168032685	8.041447075649533e-6
1887.9913490962927	9.08224292870156e-6
1896.7059212111465	0.00001017539528240543
1905.4607179632483	0.000011310940669669066
1914.255925021086	0.000012477886223202685
1923.0917289101576	0.000013664310534181211
1931.9683170169242	0.000014857490351775916
1940.8858775927793	0.00001604405180710701
1949.8445997580454	0.00001721014411604341
1958.844673505989	0.00001834163303462323
1967.886289706845	0.000019424310728661008
1976.96964011186	0.00002044411819267946
1986.0949173573717	0.000021387375926979437
1995.2623149688789	0.00002224101826639051
2004.4720273651615	0.000022992826557509628
2013.7242498623875	0.000023631656306814364
2023.0191786782718	0.0000241476534702705
2032.3570109362208	0.00002453245522276532
2041.7379446695295	0.000024779370826626568
2051.1621788255648	0.000024883538603449847
2060.6299132700005	0.000024842055490880815
2070.1413487910413	0.000024654076222193807
2079.696687103696	0.000024320879786288815
2089.296130854039	0.00002384590149276689
2098.9398836235246	0.00002323472966412984
2108.6281499332886	0.00002249506668783125
2118.3611352485023	0.000021636654868126192
2128.139045982711	0.000020671168205416293
2137.9620895022326	0.000019612071884100663
2147.8304741305333	0.000018474451855302604
2157.744409152667	0.00001727481744634614
2167.704104819694	0.000016030880404518034
2177.709772353159	0.000014761314180420332
2187.761623949552	0.000013485497570233597
2197.8598727848253	0.000012223247062604478
2208.004733018899	0.00001099454237300355
2218.1964198002192	9.819249696501613e-6
2228.435149270303	8.716847171264214e-6
2238.72113856834	7.706156923530812e-6
2249.0546058357804	6.805087866003956e-6
2259.435770220978	6.030393152201985e-6
2269.8648518838213	5.39744585745541e-6
2280.3420720004187	4.920036071649547e-6
2290.8676527677726	4.610192159076704e-6
2301.441817408509	4.478028476718679e-6
2312.064790175594	4.531621354041443e-6
2322.7367963571073	4.776914634952977e-6
2333.458062281002	5.217655575749777e-6
2344.228815319923	5.855361390999293e-6
2355.049283896009	6.689316251132776e-6
2365.9196974857587	7.716598069090944e-6
2376.840286624876	8.93213397584517e-6
2387.8112829131783	0.000010328782982285617
2398.83291901949	0.000011897443963058941
2409.9054286865953	0.000013627186780726513
2421.0290467361774	0.000015505404099239647
2432.204009073816	0.000017517981216407806
2443.430552693971	0.000019649481076842243
2454.708915685031	0.000021883341510061953
2466.0393372343387	0.000024202081672226436
2477.4220576332864	0.000026587514652890462
2488.85731828239	0.00002902096323781576
2500.345361696432	0.00003148347589243327
2511.88643150958	0.000033956040144366995
2523.4807724805755	0.00003641979069368822
2535.128630497907	0.00003885620976180112
2546.8302525850418	0.00004124731739963693
2558.585886905645	0.0000435758497082664
2570.3957827688646	0.00004582542317546401
2582.260190634596	0.00004798068359523776
2594.179362118815	0.000050027438309324085
2606.153549998895	0.00005195277078546989
2618.1830082189863	0.00005374513682281598
2630.2679918953813	0.00005539444194572081
2642.4087573219476	0.00005689209981036339
2654.605561975539	0.00005823107169998265
2666.8586645214805	0.000059405887421862006
2679.1683248190316	0.000060412648139495765
2691.5348039269165	0.00006124901187479777
2703.9583641088434	0.00006191416259596232
2716.4392688390835	0.00006240876396546233
2728.9777828080405	0.00006273489895877421
2741.5741719278835	0.0000628959966773067
2754.2287033381663	0.00006289674776856495
2766.9416454115126	0.00006274300993304436
2779.7132677592886	0.000062441705041272
2792.543841237339	0.00006200070940661307
2805.433637951713	0.00006142873876102858
2818.382931264455	0.00006073522946317588
2831.391995799379	0.00005993021743256138
2844.4611074479167	0.00005902421625148364
2857.5905433749467	0.000058028095809969896
2870.780582024692	0.000056952962789578985
2884.031503126606	0.00005581004419168386
2897.3435877013244	0.000054610575016473815
2910.717118066605	0.000053365691092305536
2924.1523778433366	0.00005208632794294227
2937.6496519615307	0.000050783126464453125
2951.209226666387	0.00004946634606569608
2964.8313895243423	0.00004814578580803533
2978.5164294291912	0.00004683071396262217
2992.264636608189	0.00004552980628863886
3006.076302628232	0.00004425109322448912
3019.9517204020162	0.00004300191607720674
3033.891184194272	0.00004178889219418341
3047.8949896279833	0.00004061788900661554
3061.9634336906756	0.000039494006746390595
3076.096814740708	0.00003842156955812398
3090.295432513592	0.000037404124656033396
3104.5595881283557	0.00003644444911163136
3118.8895840939354	0.0000355445638029661
3133.2857243155854	0.0000347057540093947
3147.748314101317	0.00003392859609756982
3162.2776601683795	0.000033212989714316835
3176.8740706497692	0.000032558194880131905
3191.5378551007616	0.00003196287336282358
3206.2693245054675	0.00003142513370398008
3221.0687912834346	0.000030942579271036726
3235.936569296281	0.00003051235871425064
3250.872973854344	0.00003013121822036941
3265.87832172336	0.000029795554972629885
3280.9529311311903	0.00002950147124941101
3296.097121774576	0.00002924482862079276
3311.311214825911	0.000029021301732873657
3326.595532940047	0.000028826431203404514
3341.950400261143	0.000028655675188517044
3357.3761424295453	0.000028504459218552145
3372.873086588689	0.000028368223940653165
3388.4415613920273	0.00002824247044642071
3404.081897010009	0.000028122802904013274
3419.794425137087	0.000028004968255216258
3435.5794789987463	0.000027884892778746814
3451.4373933585643	0.00002775871536105848
3467.368504525317	0.000027622817354810788
3483.3731503601166	0.000027473848942677196
3499.451670283573	0.000027308751960003264
3515.6044052829834	0.000027124779163793923
3531.83169791957	0.000026919509967372602
3548.133892335753	0.00002669086268971081
3564.5113342624427	0.00002643710339570101
3580.964371026362	0.00002615685142848997
3597.4933515574235	0.000025849081757322743
3614.0986263961313	0.000025513124284146456
3630.780547701014	0.000025148660269489796
3647.5394692560803	0.000024755716052880732
3664.3757464783334	0.000024334654255345065
3681.289736425313	0.00002388616266140106
3698.281797802663	0.000023411240985514265
3715.3522909717276	0.000022911185733300262
3732.5015779572063	0.000022387573370966907
3749.730022454834	0.000021842242017704687
3767.0379898390893	0.000021277271875082668
3784.425847170932	0.00002069496460513145
3801.8939632056126	0.000020097821864838362
3819.442708400464	0.000019488523199390158
3837.0724549227884	0.000018869903489807148
3854.783576657717	0.000018244930142806662
3872.576449216173	0.00001761668020189896
3890.4514499428046	0.000016988317549067124
3908.4089579240213	0.00001636307035600071
3926.449353995997	0.000015744208932902938
3944.573020752785	0.000015135024111500543
3962.7803425543934	0.000014538806287171801
3981.0717055349733	0.000013958825233192581
3999.4474976109736	0.000013398310788093018
4017.9081084894	0.000012860434505120342
4036.4539296760486	0.000012348292340910747
4055.085354483839	0.000011864888448761187
4073.802778041126	0.000011413120130470598
4092.6065973001096	0.000010995763989608251
4111.497211045221	0.000010615463318374368
4130.475019901614	0.000010274716739974793
4149.5404263436285	9.975868118677874e-6
4168.693834703355	9.721097740519514e-6
4187.935651179182	9.51241475897657e-6
4207.266283844442	9.351650891881242e-6
4226.686142656029	9.240455348415059e-6
4246.19563946313	9.18029095819793e-6
4265.795188015925	9.17243146830762e-6
4285.485203974396	9.217959968502009e-6
4305.266104917106	9.317768399978141e-6
4325.138310350088	9.472558098693084e-6
4345.102241715715	9.682841320543573e-6
4365.158322401661	9.9489436925793e-6
4385.306977749856	0.000010271007531864147
4405.548635065535	0.000010648995971575466
4425.883723626264	0.000011082697832444251
4446.312674691088	0.000011571733176635934
4466.835921509631	0.000012115559480631987
4487.453899331323	0.000012713478363588738
4508.167045414601	0.000013364642807945047
4528.975799036209	0.000014068064809753994
4549.880601500485	0.000014822623397232112
4570.881896148751	0.000015627072957384747
4591.980128368686	0.000016480051812181473
4613.175745603796	0.00001738009098765519
4634.46919736288	0.00001832562312139442
4655.860935229591	0.00001931499145621514
4677.351412871981	0.0000203464588702499
4698.941086052156	0.000021418216896316368
4720.630412635905	0.000022528394686129352
4742.419852602448	0.00002367506787774605
4764.309868054156	0.00002485626732747915
4786.300923226385	0.00002606998767045518
4808.393484497285	0.000027314195676895768
4830.5880203977285	0.000028586838374162215
4852.88500162121	0.000029885850907495976
4875.284901033865	0.000031209164115294887
4897.7881936844615	0.00003255471179758043
4920.395356814511	0.00003392043765910345
4943.106869868354	0.00003530430191122287
4965.923214503363	0.00003670428751932203
4988.844874600121	0.00003811840608503449
5011.872336272725	0.00003954470335499297
5035.006087879047	0.00004098126435010073
5058.246620031137	0.00004242621811155304
5081.594425605605	0.000043877742061886575
5105.049999754065	0.00004533406598130895
5128.613839913648	0.00004679347560138938
5152.286445817562	0.00004825431581988869
5176.068319505676	0.00004971499354209238
5199.959965335162	0.000051173980155453965
5223.9618899911975	0.000052629813645691255
5248.074602497723	0.00005408110036366458
5272.298614228227	0.00005552651645344844
5296.634438916581	0.00005696480895297111
5321.082592667942	0.00005839479657942633
5345.643593969714	0.00005981537021239988
5370.317963702527	0.00006122549308826125
5395.1062251512785	0.00006262420071989222
5420.008904016238	0.00006401060055623676
5445.026528424209	0.00006538387139647212
5470.159628939716	0.00006674326257382601
5495.408738576249	0.00006808809292421498
5520.774392807573	0.00006941774955493437
5546.257129579105	0.00007073168642862207
5571.857489319298	0.00007202942277762485
5597.576014951104	0.00007331054136376552
5623.413251903491	0.000074574686598288
5649.369748123023	0.0000758215625365031
5675.446054085472	0.00007705093076134428
5701.642722807478	0.00007826260816969172
5727.960309858292	0.00007945646467492547
5754.399373371566	0.00008063242083874123
5780.960474057181	0.0000817904454447996
5807.644175213124	0.00008293055302629741
5834.451042737448	0.00008405280135904011
5861.3816451402845	0.00008515728893106626
5888.43655355589	0.00008624415239933673
5915.616341754743	0.00008731356404344503
5942.921586155727	0.00008836572922575312
5970.352865838366	0.00008940088386678534
5997.910762555094	0.0000904192919441488
6025.5958607435805	0.00009142124302268615
6053.408747539136	0.00009240704982300362
6081.350012787177	0.00009337704583495921
6109.420249055721	0.00009433158298215222
6137.620051647946	0.00009527102934290776
6165.9500186148225	0.00009619576693273934
6194.410750767812	0.00009710618955273878
6223.002851691595	0.00009800270070785682
6251.726927756862	0.00009888571159854859
6280.58358813318	0.00009975563918878931
6309.57344480193	0.00010061290435301983
6338.69711256927	0.00010145793010414106
6367.955209079162	0.00010229113990426965
6397.348354826482	0.00010311295605957321
6426.877173170194	0.00010392379820012395
6456.542290346556	0.000104724081845354
6486.3443354823885	0.00010551421705536808
6516.283940608428	0.00010629460716804564
6546.361740672747	0.00010706564762157401
6576.578373554205	0.0001078277248617756
6606.9344800759645	0.00010858121533333703
6637.43070401909	0.00010932648455381305
6668.067692136218	0.00011006388626905872
6698.846094165266	0.00011079376168853899
6729.766562843182	0.00011151643879879361
6760.829753919819	0.0001122322317531595
6792.036326171843	0.0001129414403357166
6823.3869414166975	0.0001136443494972833
6854.882264526614	0.00011434122896117591
6886.522963442762	0.00011503233289635255
6918.309709189362	0.00011571789965546647
6950.243175887969	0.00011639815157529106
6982.324040771711	0.00011707329483691291
7014.552984199714	0.00011774351938305745
7046.930689671467	0.00011840899888985662
7079.457843841381	0.0001190698907903699
7112.1351365332885	0.00011972633634713806
7144.963260755135	0.00012037846077106219
7177.942912713615	0.00012102637338389381
7211.074791828998	0.00012167016782165527
7244.359600749898	0.00012230992227631285
7277.798045368242	0.00012294569977307665
7311.390834834172	0.0001235775484807233
7345.138681571151	0.0001242055020523944
7379.042301291008	0.00012482957999436058
7413.102413009177	0.00012544978806031085
7447.319739059889	0.00012606611866877124
7481.6950051115455	0.00012667855134133416
7516.228940182053	0.00012728705315943428
7550.922276654342	0.00012789157923748828
7585.775750291836	0.00012849207321027849
7620.790100254122	0.00012908846773254602
7655.966069112562	0.0001296806849888211
7691.304402866098	0.00013026863721161679
7726.805850957021	0.00013085222720616858
7762.4711662869195	0.00013143134888000485
7798.3011052325855	0.00013200588777569194
7834.29642766212	0.00013257572160519979
7870.457896950985	0.00013314072078439494
7906.786279998253	0.00013370074896626403
7943.282347242814	0.00013425566357153687
7979.946872679769	0.00013480531631546863
8016.78063387679	0.00013534955372960847
8053.784411990669	0.00013588821767746554
8090.958991783821	0.00013642114586305288
8128.305161640995	0.00013694817233137266
8165.823713585923	0.00013746912795995603
8203.515443298185	0.00013798384094067663
8241.38115013002	0.00013849213725108662
8279.421637123345	0.00013899384111461886
8317.63771102671	0.00013948877544904813
8356.030182312483	0.00013997676230267022
8394.599865193974	0.0001404576232777222
8433.347577642757	0.00014093117994061466
8472.274141405964	0.00014139725421861448
8511.380382023768	0.0001418556687826575
8550.667128846831	0.00014230624741603542
8590.13521505396	0.00014274881536873482
8629.785477669702	0.0001431831996972636
8669.61875758217	0.0001436092295898408
8709.635899560806	0.0001440267366768687
8749.837752274363	0.0001444355553266412
8790.225168308842	0.00014483552292628748
8830.799004185632	0.0001452264801479773
8871.560120379609	0.00014560827120045782
8912.509381337459	0.00014598074406600898
8953.647655495937	0.00014634375072294917
8994.975815300355	0.00014669714735383367
9036.494737223014	0.00014704079453953212
9078.205301781862	0.00014737455743937407
9120.108393559096	0.0001476983059575916
9162.204901219991	0.00014801191489629485
9204.495717531712	0.00014831526409524341
9246.98173938223	0.00014860823855867975
9289.663867799363	0.00014889072856952537
9332.543007969905	0.0001491626297912352
9375.620069258803	0.0001494238433576231
9418.895965228417	0.0001496742759509908
9462.37161365793	0.00014991383986888405
9506.047936562809	0.0001501424530798262
9549.92586021436	0.00015036003926836817
9594.006315159337	0.00015056652786981414
9638.290236239705	0.00015076185409497515
9682.778562612486	0.00015094595894531366
9727.47223776965	0.00015111878921883763
9772.372209558112	0.0001512802975071097
9817.479430199845	0.0001514304421837317
9862.794856312099	0.00015156918738467193
9908.319448927676	0.0001516965029807884
9954.054173515275	0.00015181236454291433
10000.	0.00015191675329985965
10046.157902783947	0.00015200965608967663
10092.528860766834	0.00015209106530454772
10139.1138573668	0.0001521609788296289
10185.91388054117	0.0001522193999761985
10232.929922807536	0.00015226633740943226
10280.162981264746	0.00015230180507114737
10327.61405761398	0.00015232582209782306
10375.284158180126	0.0001523384127342212
10423.174293933036	0.00015233960624291132
10471.285480508985	0.00015232943681000154
10519.618738232235	0.000152307943447369
10568.175092136586	0.0001522751698916741
10616.955571987242	0.0001522311645004382
10665.961212302589	0.00015217598014545416
10715.193052376071	0.0001521096741037905
10764.65213629835	0.00015203230794664618
10814.339512979375	0.00015194394742629609
10864.256236170644	0.00015184466236137304
10914.40336448757	0.00015173452652070482
10964.78196143185	0.00015161361750593897
11015.393095414145	0.00015148201663315567
11066.237839776675	0.0001513398088136839
11117.317272815919	0.00015118708243431168
11168.632477805611	0.00015102392923707782
11220.18454301963	0.0001508504441988282
11271.974561755094	0.0001506667254107067
11324.003632355578	0.00015047287395774742
11376.27285823431	0.00015026899379872176
11428.783347897712	0.00015005519164639066
11481.53621496884	0.00014983157684830408
11534.53257821093	0.0001495982612682815
11587.773561551261	0.0001493553591687012
11641.260294104908	0.00014910298709371316
11694.9939101987	0.00014884126375349887
11748.975549395303	0.0001485703099096721
11803.206356517298	0.0001482902482619307
11857.687481671597	0.00014800120333604506
11912.420080273761	0.00014770330137327408
11967.405313072442	0.00014739667022129269
12022.644346174131	0.00014708143922669432
12078.138351067797	0.0001467577391291546
12133.888504649762	0.00014642570195730443
12189.895989248673	0.00014608546092638078
12246.16199265049	0.00014573715033770602
12302.68770812381	0.00014538090548004147
12359.47433444512	0.00014501686253286065
12416.523075924119	0.00014464515847158478
12473.835142429432	0.00014426593097480647
12531.411749414156	0.00014387931833354176
12589.254117941662	0.00014348545936252656
12647.363474711523	0.00014308449331358806
12705.74105208542	0.0001426765597911046
12764.388088113436	0.00014226179866956814
12823.30582656023	0.00014184035001326662
12882.495516931349	0.00014141235399808605
12941.958414499863	0.0001409779508354393
13001.695780332899	0.00014053728069833162
13061.708881318404	0.00014009048364954754
13121.998990192042	0.00013963769957196767
13182.567385564074	0.0001391790681010026
13243.415351946644	0.00013871472855913892
13304.544179780927	0.0001382448198925768
13365.955165464433	0.00013776948060996916
13427.649611378642	0.00013728884872321302
13489.628825916532	0.00013680306169030774
13551.89412351035	0.00013631225636024144
13614.44682465951	0.0001358165689198987
13677.288255958494	0.00013531613484295008
13740.41975012515	0.00013481108884072087
13803.842646028867	0.0001343015648149955
13867.558288718896	0.0001337876958127474
13931.568029453036	0.00013326961398275585
13995.873225726178	0.00013274745053407902
14060.47524129913	0.00013222133569637488
14125.375446227554	0.00013169139868201313
14190.575216890926	0.0001311577676499643
14256.075936021878	0.00013062056967142805
14321.878992735425	0.00013007993069717524
14387.985782558437	0.00012953597552655812
14454.39770745928	0.00012898882777817106
14521.11617587742	0.00012843860986211744
14588.142602753474	0.00012788544295385236
14655.478409559128	0.0001273294469695667
14723.125024327193	0.00012677074054308078
14791.083881682072	0.00012620944100420593
14859.35642287006	0.00012564566435855034
14927.944095789944	0.00012507952526872335
14996.84835502374	0.00012451113703690738
15066.070661867418	0.00012394061158877437
15135.612484362071	0.00012336805945868312
15205.47529732497	0.00012279358977615776
15275.660582380731	0.00012221731025359174
15346.16982799294	0.00012163932717514554
15417.004529495583	0.0001210597453868068
15488.166189124795	0.00012047866828758496
15559.65631605075	0.00011989619782179491
15631.47642640954	0.0001193124344724065
15703.628043335515	0.00011872747725542008
15776.112696993501	0.00011814142371524837
15848.93192461114	0.0001175543699210488
15922.0872705117	0.00011696641046400438
15995.580286146678	0.00011637763845549533
16069.412530128755	0.00011578814552615136
16143.585568264869	0.00011519802182573995
16218.100973589299	0.00011460735602386509
16292.960326397215	0.00011401623531145691
16368.165214278102	0.00011342474540300175
16443.717232149324	0.00011283297053950997
16519.61798229015	0.00011224099349217134
16595.869074375598	0.00011164889556668566
16672.47212551061	0.00011105675660823414
16749.42876026438	0.00011046465500706606
16826.740610704674	0.00010987266770468722
16904.409316432633	0.00010928087020059139
16982.43652461746	0.00010868933655955676
17060.823890031243	0.00010809813941944842
17139.573075084252	0.00010750734999951045
17218.685749860062	0.00010691703810913546
17298.163592151	0.00010632727215707806
17378.00828749376	0.00010573811916109815
17458.22152920504	0.00010514964475799949
17538.805018417603	0.0001045619132140621
17619.76046411631	0.00010397498743583007
17701.08958317422	0.00010338892898124675
17782.794100389227	0.00010280379807111046
17864.8757485205	0.00010221965360083919
17947.336268325245	0.00010163655315251412
18030.1774085957	0.00010105455300720433
18113.400926196027	0.00010047370815752872
18197.008586099826	0.00009989407232046592
18281.002161427445	0.00009931569795037133
18365.383433483476	0.00009873863625220616
18450.154191794736	0.0000981629371949456
18535.316234148104	0.00009758864952516742
18620.871366628657	0.00009701582078078914
18706.821403658018	0.00009644449730496046
18793.168168032684	0.00009587472426007605
18879.913490962925	0.00009530654564191311
18967.059212111482	0.00009474000429386903
19054.607179632483	0.0000941751419212955
19142.55925021086	0.00009361199910591148
19230.917289101577	0.00009305061532028549
19319.68317016922	0.00009249102894237982
19408.858775927794	0.00009193327727013723
19498.445997580457	0.00009137739653611409
19588.44673505989	0.00009082342192213215
19678.86289706847	0.0000902713875739558
19769.69640111862	0.00008972132661597651
19860.949173573717	0.00008917327116590158
19952.62314968879	0.00008862725234942852
20044.720273651594	0.00008808330031491171
20137.242498623895	0.00008754144424800466
20230.191786782718	0.00008700171238626557
20323.57010936221	0.00008646413203373554
20417.379446695315	0.00008592872957546475
20511.621788255667	0.00008539553049199163
20606.299132700005	0.00008486455937376541
20701.413487910413	0.00008433583993550534
20796.966871036937	0.00008380939503049227
20892.96130854041	0.00008328524666478486
20989.398836235243	0.00008276341601136367
21086.281499332887	0.00008224392342418117
21183.611352485044	0.00008172678845213648
21281.390459827133	0.0000812120298529474
21379.620895022323	0.00008069966560693385
21478.304741305332	0.00008018971293069236
21577.444091526646	0.00007968218829068126
21677.041048196963	0.00007917710741668226
21777.09772353159	0.00007867448531516199
21877.616239495517	0.00007817433628251843
21978.598727848275	0.00007767667391820998
22080.047330189012	0.00007718151113776489
22181.964198002195	0.00007668886018567014
22284.35149270303	0.00007619873264813788
22387.21138568338	0.00007571113946574518
22490.546058357828	0.00007522609094594441
22594.35770220978	0.00007474359677544864
22698.648518838214	0.0000742636660324803
22803.420720004207	0.00007378630719888958
22908.676527677748	0.00007331152817214238
23014.41817408509	0.00007283933627716398
23120.64790175594	0.00007236973827805883
23227.36796357105	0.00007190274038967954
23334.580622810045	0.0000714383482890695
23442.288153199228	0.00007097656712675653
23550.49283896009	0.00007051740153791708
23659.196974857612	0.0000700608556533905
23768.402866248784	0.00006960693311056096
23878.112829131784	0.00006915563706408939
23988.329190194898	0.00006870697019651822
24099.054286865932	0.0000682609347287211
24210.2904673618	0.00006781753243021819
24322.04009073816	0.00006737676462934952
24434.305526939712	0.0000669386322233089
24547.089156850336	0.00006650313568803353
24660.393372343413	0.00006607027508795367
24774.22057633286	0.00006564005008560658
24888.573182823904	0.00006521245995110675
25003.453616964296	0.00006478750357147502
25118.864315095823	0.00006436517945983512
25234.807724805756	0.00006394548576446683
25351.286304979072	0.00006352842027772356
25468.302525850446	0.00006311398044481117
25585.858869056425	0.00006270216337243721
25703.957827688646	0.00006229296583731604
25822.601906345957	0.00006188638429454646
25941.793621188124	0.00006148241488584931
26061.53549998898	0.00006108105344768278
26181.830082189863	0.00006068229551921463
26302.679918953814	0.00006028613635016901
26424.087573219447	0.00005989257090854648
26546.055619755363	0.00005950159388820921
26668.586645214808	0.00005911319971634521
26791.683248190315	0.00005872738256080109
26915.348039269138	0.00005834413633729023
27039.583641088462	0.00005796345471648173
27164.392688390835	0.00005758533113095943
27289.777828080405	0.00005720975878206549
27415.74171927881	0.00005683673064661913
27542.28703338163	0.00005646623948351967
27669.416454115126	0.00005609827784022503
27797.132677592883	0.00005573283805912562
27925.43841237336	0.000055369912283789925
28054.33637951716	0.000055009492465102885
28183.82931264455	0.00005465157036728952
28313.91995799379	0.00005429613757382818
28444.61107447914	0.00005394318549325496
28575.905433749438	0.00005359270536485452
28707.805820246922	0.00005324468826424288
28840.31503126606	0.00005289912510885606
28973.435877013213	0.00005255600666331504
29107.171180666082	0.000052215323544703345
29241.52377843337	0.000051877066227733636
29376.496519615306	0.000051541225049816686
29512.09226666384	0.00005120779021602502
29648.31389524339	0.000050876751803971066
29785.16429429191	0.00005054809976857421
29922.64636608189	0.00005022182394673963
30060.76302628229	0.000049897914061942944
30199.51720402019	0.0000495763597287201
30338.911841942718	0.00004925715045706489
30478.94989627983	0.000048940275656739394
30619.634336906754	0.00004862572464149138
30760.96814740705	0.0000483134866331894
30902.95432513592	0.00004800355076586021
31045.595881283556	0.000047695906089661787
31188.895840939353	0.00004739054157474386
31332.85724315589	0.00004708744611505789
31477.483141013174	0.00004678660853205666
31622.776601683792	0.000046488017578335854
31768.74070649769	0.000046191661941177014
31915.378551007583	0.0000458975302460358
32062.693245054674	0.000045605611059931734
32210.687912834346	0.00004531589289478011
32359.36569296281	0.000045028364210634704
32508.729738543472	0.000044743013418872996
32658.7832172336	0.00004445982888529767
32809.529311311904	0.000044178798933174374
32960.97121774576	0.00004389991184619695
33113.112148259075	0.00004362315587138708
33265.95532940047	0.00004334851922192386
33419.50400261143	0.00004307599007991709
33573.76142429545	0.00004280555659909446
33728.73086588692	0.00004253720690745181
33884.415613920275	0.0000422709291098199
34040.81897010009	0.00004200671129038486
34197.94425137087	0.000041744541515135
34355.79478998743	0.00004148440783425903
34514.373933585644	0.00004122629828447461
34673.685045253165	0.00004097020089131723
34833.731503601164	0.00004071610367135819
34994.51670283577	0.00004046399463436344
35156.044052829835	0.00004021386178541872
35318.3169791957	0.000039965693126980996
35481.33892335753	0.000039719476660885394
35645.11334262439	0.00003947520039031029
35809.64371026363	0.00003923285232166737
35974.93351557424	0.00003899242046647158
36140.98626396131	0.000038753892843141746
36307.80547701017	0.000038517257478760125
36475.3946925608	0.00003828250241079013
36643.75746478333	0.0000380496156887348
36812.89736425313	0.000037818585375768884
36982.817978026585	0.00003758939955031054
37153.52290971728	0.00003736204630756061
37325.015779572066	0.000037136513760986754
37497.30022454834	0.000036912790043787296
37670.37989839093	0.000036690863310289057
37844.258471709356	0.000036470721737316655
38018.93963205613	0.000036252353525535985
38194.427084004645	0.00003603574690073579
38370.724549227845	0.00003582089011507801
38547.835766577206	0.00003560777144832743
38725.764492161725	0.00003539637920902577
38904.51449942805	0.000035186701735635324
39084.08957924025	0.00003497872739765045
39264.493539960014	0.00003477244459668012
39445.73020752785	0.00003456784176748396
39627.803425543934	0.00003436490737898695
39810.71705534969	0.00003416362993525188
39994.47497610978	0.00003396399797643662
40179.081084894	0.00003376600007969808
40364.539296760486	0.000033569624860090635
40550.853544838435	0.000033374860971408136
40738.02778041131	0.00003318169710702797
40926.065973001096	0.000032990122000697496
41114.97211045221	0.0000328001244273097
41304.7501990161	0.000032611693203655525
41495.40426343633	0.00003242481718912252
41686.93834703355	0.00003223948528641045
41879.356511791826	0.00003205568644218522
42072.66283844446	0.00003187340964771707
42266.86142656033	0.00003169264393950836
42461.9563946313	0.00003151337839988088
42657.95188015926	0.00003133560215754775
42854.85203974392	0.000031159304388167596
43052.661049171096	0.000030984474314851196
43251.383103500884	0.000030811101208690924
43451.022417157146	0.000030639174389224594
43651.58322401666	0.000030468683224903157
43853.069777498604	0.000030299617133533816
44055.486350655345	0.00003013196558269954
44258.83723626265	0.000029965718090158257
44463.126746910835	0.00002980086422423541
44668.359215096345	0.000029637393604172978
44874.53899331323	0.000029475295900496995
45081.670454146006	0.000029314560835321917
45289.75799036214	0.00002915517818268111
45498.8060150049	0.00002899713776882118
45708.818961487515	0.000028840429472460892
45919.80128368685	0.00002868504322507243
46131.75745603791	0.00002853096901112059
46344.69197362884	0.000028378196868298588
46558.60935229591	0.0000282267168877301
46773.51412871981	0.0000280765192141896
46989.41086052151	0.000027927594046274156
47206.304126359	0.00002777993163658497
47424.198526024484	0.000027633522291881068
47643.09868054156	0.00002748835637323367
47863.0092322638	0.00002734442429615176
48083.9348449729	0.000027201716530702992
48305.880203977285	0.000027060223601627714
48528.8500162121	0.00002691993608843489
48752.8490103386	0.000026780844625477206
48977.88193684456	0.000026642939902040567
49203.95356814511	0.000026506212662393012
49431.068698683535	0.00002637065370583577
49659.23214503358	0.000026236253886756688
49888.44874600127	0.000026103004114654432
50118.72336272725	0.000025970895354146537
50350.06087879048	0.000025839918625007677
50582.46620031138	0.000025710065002145135
50815.944256056	0.000025581325615606816
51050.499997540646	0.00002545369165055698
51286.13839913648	0.000025327154347252125
51522.864458175616	0.000025201705001013546
51760.683195056816	0.00002507733496217151
51999.59965335162	0.00002495403563603404
52239.61889991198	0.000024831798482808776
52480.74602497723	0.00002471061501755807
52722.986142282214	0.000024590476810108317
52966.34438916581	0.000024471375484974663
53210.82592667942	0.000024353302721280076
53456.435939697134	0.0000242362502526645
53703.17963702533	0.000024120209867164943
53951.06225151279	0.00002400517340712528
54200.089040162384	0.00002389113276909041
54450.26528424209	0.000023778079903667384
54701.5962893971	0.000023666006815410727
54954.08738576248	0.000023554905562698472
55207.74392807573	0.000023444768257578794
55462.571295791044	0.00002333558706565154
55718.57489319304	0.000023227354205905244
55975.76014951104	0.000023120061950566193
56234.13251903491	0.00002301370262496381
56493.69748123022	0.000022908268607336218
56754.460540854656	0.000022803752328694993
57016.42722807478	0.000022700146272635452
57279.60309858292	0.000022597442975179586
57543.993733715666	0.000022495635024586084
57809.60474057187	0.000022394715061170763
58076.441752131235	0.00002229467577713367
58344.51042737448	0.000022195509916346798
58613.81645140285	0.00002209721027418265
58884.36553555884	0.000021999769697316537
59156.16341754743	0.000021903181083499317
59429.21586155727	0.000021807437381405863
59703.52865838366	0.000021712531590382128
59979.107625551005	0.000021618456760264223
60255.95860743581	0.000021525205991152468
60534.08747539136	0.000021432772433215986
60813.50012787176	0.00002134114928645318
61094.202490557145	0.000021250329800488712
61376.200516479454	0.00002116030727434917
61659.50018614822	0.000021071075056243283
61944.10750767812	0.000020982626543322825
62230.02851691602	0.000020894955181471262
62517.269277568616	0.000020808054465067515
62805.8358813318	0.000020721917936752692
63095.7344480193	0.000020636539187190407
63386.97112569264	0.000020551911854856685
63679.55209079162	0.000020468029625771818
63973.48354826482	0.00002038488623328195
64268.77173170194	0.00002030247545782034
64565.422903465624	0.0000202207911266482
64863.44335482388	0.00002013982711363683
65162.83940608428	0.000020059577339009718
65463.61740672747	0.000019980035769098046
65765.78373554199	0.00001990119641609312
66069.34480075965	0.00001982305333781621
66374.30704019089	0.00001974560063744787
66680.67692136219	0.00001966883246329342
66988.46094165272	0.000019592743008537534
67297.66562843182	0.000019517326510971946
67608.29753919819	0.000019442577252780716
67920.36326171843	0.00001936848956025652
68233.8694141669	0.000019295057803559567
68548.8226452662	0.000019222276396468938
68865.22963442763	0.00001915013979612942
69183.09709189362	0.000019078642502790303
69502.43175887976	0.000019007779059574267
69823.24040771718	0.000018937544052189637
70145.52984199714	0.000018867932108693318
70469.30689671467	0.0000187989378992518
70794.57843841374	0.000018730556135858518
71121.35136533296	0.00001866278157210505
71449.63260755135	0.00001859560900290344
71779.42912713616	0.00001852903326424485
72110.74791829006	0.000018463049232952336
72443.59600749906	0.000018397651826409824
72777.98045368242	0.000018332836002313515
73113.90834834172	0.000018268596758429376
73451.38681571143	0.000018204929132317997
73790.42301291015	0.000018141828201101488
74131.02413009177	0.000018079289081205426
74473.19739059889	0.000018017306928078954
74816.95005111553	0.000017955876935988164
75162.2894018206	0.00001789499433773698
75509.22276654342	0.00001783465440440977
75857.75750291836	0.000017774852445132138
76207.90100254114	0.000017715583806823833
76559.6606911257	0.000017656843873934142
76913.04402866098	0.00001759862806819818
77268.05850957021	0.000017540931848395303
77624.71166286927	0.00001748375071008366
77983.01105232594	0.000017427080185370247
78342.9642766212	0.000017370915842651616
78704.57896950985	0.000017315253286367028
79067.86279998245	0.000017260088156757645
79432.82347242821	0.0000172054161296233
79799.46872679768	0.00001715123291606732
80167.8063387679	0.00001709753426225542
80537.84411990677	0.000017044315949189613
80909.5899178383	0.000016991573792431717
81283.05161640995	0.000016939303641895446
81658.23713585922	0.00001688750138158777
82035.15443298177	0.000016836162929370153
82413.8115013003	0.00001678528423672976
82794.21637123344	0.000016734861288519796
83176.37711026709	0.000016684890102749894
83560.30182312474	0.000016635366730327488
83945.99865193965	0.000016586287254829332
84333.47577642757	0.000016537647792277957
84722.74141405964	0.00001648944449088981
85113.80382023759	0.000016441673530847672
85506.67128846841	0.000016394331124078365
85901.3521505396	0.000016347413514022806
86297.85477669702	0.00001630091697538169
86696.1875758216	0.000016254837813915857
87096.35899560797	0.000016209172366205547
87498.37752274364	0.000016163916999431583
87902.25168308843	0.000016119068111140666
88307.99004185622	0.00001607462212900351
88715.60120379618	0.0000160305755106506
89125.0938133746	0.000015986924743389325
89536.47655495937	0.000015943666343997005
89949.75815300347	0.000015900796858530238
90364.94737223005	0.000015858312862059823
90782.05301781862	0.000015816210958501863
91201.08393559097	0.000015774487780349385
91622.04901219992	0.000015733139988517025
92044.95717531722	0.000015692164272056303
92469.8173938223	0.00001565155734800447
92896.63867799363	0.00001561131596113632
93325.43007969906	0.00001557143688375944
93756.20069258793	0.00001553191691552089
94188.95965228417	0.00001549275288316965
94623.7161365793	0.000015453941640373476
95060.4793656281	0.00001541548006749898
95499.25860214369	0.000015377365071411383
95940.06315159336	0.00001533959358526613
96382.90236239706	0.00001530216256831721
96827.78562612487	0.0000152650690057018
97274.72237769641	0.000015228309908232137
97723.72209558112	0.000015191882312227654
98174.79430199844	0.000015155783279290222
98627.948563121	0.000015120009896096876
99083.19448927685	0.000015084559274255445
99540.54173515274	0.000015049428550038527
100000.	0.000015014614884238778